2005-11-13T19:21:11.818925 2.5439 12.1439 0
2005-11-16T00:56:28.634420 0.92142 9.2714 0
2005-11-26T11:48:17.867800 2.0208 5.7208 0
2005-11-28T16:06:01.642187 1.3542 1.2542 0
2005-12-22T09:13:09.796509 1.5585 0.85851 0
2005-12-25T02:25:02.448689 2.1577 2.2077 0
2006-01-01T00:09:01.843648 2.9556 2.5957 2.3857
2006-01-08T11:52:13.338651 1.0096 6.9596 0
2006-01-08T17:23:57.798603 2.5846 8.2346 0
2006-01-08T22:17:35.317672 0.83567 7.0357 0
2006-01-09T08:13:11.606970 5.257 11.357 0
2006-01-11T20:14:03.533777 4.4428 10.5928 0
2006-01-18T21:43:50.345815 4.1888 4.2388 0
2006-01-31T15:13:40.099320 2.3433 2.4433 0
2006-02-03T20:52:12.367237 2.2172 7.6172 9.4572
2006-02-03T23:10:46.314478 1.7365 2.1165 4.2365
2006-02-10T01:31:34.931863 2.5409 2.3609 2.2809
2006-02-14T21:18:56.101353 0.80636 0.98636 1.4064
2006-02-15T06:48:11.624832 2.5638 1.2038 1.2038
2006-02-18T19:09:15.492327 0.94032 0.56032 11.2403
2006-02-20T03:55:12.163592 1.3516 0.59159 0.35159
2006-02-22T00:13:55.459890 1.7149 1.3749 1.2549
2006-03-03T14:23:17.184269 5.9283 10.9683 12.0683
2006-03-05T01:20:05.166913 0.98792 1.3479 7.6079
2006-03-05T15:03:26.620106 1.6641 1.4441 2.0841
2006-03-09T17:25:18.622042 0.89104 0.39104 9.051
2006-03-15T00:57:32.955195 0.94419 1.5042 1.2042
2006-03-15T03:17:13.092790 2.9788 1.7988 1.6388
2006-03-16T07:05:42.852660 4.2477 1.1477 4.3877
2006-03-28T12:23:56.361614 2.1236 1.9036 1.7236
2006-03-28T21:11:40.981811 2.3228 1.8828 0.92281
2006-03-30T20:35:35.823415 0.93642 1.0764 0.93642
2006-03-31T17:16:58.146924 1.8879 1.4679 2.4679
2006-04-03T08:35:53.824335 1.5763 1.6763 1.4963
2006-04-06T22:33:47.501615 1.0736 1.3536 4.6936
2006-04-07T06:43:37.278657 0.99765 1.0376 4.9776
2006-04-18T18:45:36.928390 1.0194 1.1994 4.2194
2006-04-19T05:40:43.048960 1.373 11.393 11.153
2006-04-23T21:50:37.315066 2.4341 2.1541 2.4341
2006-05-15T04:22:41.676124 1.7281 2.2081 2.1281
2006-05-17T14:02:06.579735 1.2307 2.5507 2.0307
2006-05-19T18:55:09.953424 0.75042 0.85042 1.8904
2006-05-22T23:58:54.065112 3.5764 9.8841 4.961
2006-05-26T09:32:0.711940 6.0729 5.8529 5.8529
2006-05-27T03:29:10.461843 3.9708 5.3308 1.9508
2006-06-02T18:09:42.836985 1.162 0.88198 0.38198
2006-06-04T01:47:42.042424 1.6124 1.5124 1.4324
2006-06-06T17:42:40.094822 1.0058 1.0458 11.1258
2006-06-10T02:59:45.511605 0.9426 0.5226 7.8226
2006-06-17T23:02:21.768288 0.64629 0.52629 9.8463
2006-06-23T18:10:44.214182 2.1472 3.3072 3.1672
2006-07-09T03:12:55.479616 1.0516 4.9516 10.5116
2006-07-12T20:03:28.779795 0.89379 0.95379 0.69379
2006-07-20T03:02:38.791309 0.83031 12.0503 11.9503
2006-07-22T18:43:02.398459 1.1835 2.0435 1.6635
2006-08-03T10:46:14.354583 1.8086 0.72859 0.60859
2006-08-05T20:06:16.703811 1.6078 1.9278 1.8078
2006-08-06T23:58:59.953262 9.0126 6.0126 9.3763
2006-09-03T22:52:24.894136 10.3641 6.4641 6.5641
2006-09-08T22:39:11.662056 2.7001 2.3001 8.0801
2006-09-14T04:50:20.720658 1.4617 0.88166 0.80166
2006-09-16T12:32:15.773830 2.1498 2.2498 2.1098
2006-09-21T05:32:06.058959 1.771 3.551 8.171
2006-09-23T03:32:57.525909 3.1139 5.4139 7.5139
2006-09-23T17:01:09.443471 1.0065 1.7865 1.7865
2006-09-28T23:10:41.661840 1.0248 1.0648 0.76484
2006-09-29T23:35:58.025241 1.6762 8.5962 7.7762
2006-10-02T20:42:22.996314 0.76332 0.82332 0.60332
2006-10-21T04:47:24.741542 0.95354 2.7135 2.2535
2006-11-10T18:02:19.705090 1.2421 0.64209 0.88209
2006-11-18T13:30:43.180654 2.3556 1.1357 0.89565
2006-11-21T19:19:44.705256 1.5913 1.1712 1.5312
2006-11-23T02:11:59.066567 0.85757 1.0176 1.1576
2006-11-25T23:51:12.351779 1.0588 2.4588 2.1588
2006-11-30T18:45:36.620711 2.5327 9.0527 3.3127
2006-12-05T15:01:48.939290 0.90329 4.7633 4.6833
2006-12-16T23:24:33.609897 0.95989 0.51989 2.3399
2006-12-17T23:17:15.903930 1.0059 1.0059 11.9459
2006-12-18T04:49:10.691956 1.049 0.86896 8.989
2006-12-25T00:43:05.242481 0.84648 9.8065 9.5865
2006-12-30T01:09:46.535018 1.11 9.81 9.53
2006-12-31T22:17:42.790989 1.106 1.186 3.246
2007-01-02T01:06:18.080218 0.95622 10.5962 10.3362
2007-01-07T21:09:44.845426 3.2954 3.3354 3.1554
2007-01-12T02:00:21.189544 1.9305 1.6505 1.4105
2007-01-14T14:03:57.547045 1.013 10.413 2.193
2007-01-17T15:38:47.459170 1.5902 2.3102 2.1502
2007-01-20T14:50:47.776953 0.87395 1.5539 1.8139
