2012-05-11T15:25:50.447690 1.4367 0.8367 11.0767
2012-06-04T04:31:45.595269 2.8513 2.9113 5.5413
2012-06-25T16:45:04.181433 2.3014 2.4114 6.6314
2012-06-28T17:34:27.044152 2.1542 1.9842 8.9741
2012-06-30T14:42:49.601840 1.4638 2.7938 2.7638
2012-07-04T10:43:15.118662 1.3967 2.0067 1.8267
2012-07-17T07:55:21.818418 1.9614 1.9514 2.2714
2012-07-27T09:44:39.919814 2.2098 9.1198 12.0098
2012-08-02T22:47:58.420070 1.8451 1.3351 1.0451
2012-08-13T22:22:15.162978 2.591 3.471 3.381
2012-09-13T14:14:18.227580 1.7176 4.9376 4.7076
2012-09-19T20:01:37.734624 1.6996 0.96963 0.79963
2012-10-01T23:17:24.011410 1.5484 1.4584 1.3284
2012-10-22T02:31:11.790016 1.586 2.426 1.986
2012-11-04T23:36:38.261444 1.8524 5.0424 4.9224
2012-11-17T10:33:41.357124 1.2921 0.87213 7.8021
2012-11-22T19:35:41.193555 1.1416 1.0916 -0.00844
2012-12-04T21:07:30.471341 1.1873 1.8873 3.2073
2012-12-30T17:29:03.941599 2.5046 2.3746 2.3946
2013-02-27T22:05:58.019826 1.8978 1.3778 4.0178
2013-03-25T20:55:18.747481 1.9715 2.1415 2.0015
2013-03-28T07:13:52.374777 2.8798 2.6398 2.4398
2013-04-05T21:57:15.146070 1.1291 11.0991 4.2391
2013-04-12T08:55:02.561903 1.8059 1.6159 1.5059
2013-04-18T01:25:17.521714 3.5487 1.2287 1.5787
2013-04-19T02:37:39.812934 1.5199 1.4099 6.3199
2013-04-30T16:11:07.341336 2.0663 1.6363 2.4563
2013-05-15T19:09:41.742170 1.3212 3.3112 10.0812
2013-05-31T13:22:36.690674 1.7667 2.3667 1.8767
2013-06-13T00:56:16.893305 1.6533 1.6133 2.3533
2013-06-30T11:41:26.854687 1.8497 1.9297 1.6897
2013-07-29T01:53:41.626820 3.0838 2.6038 2.4738
2013-07-31T22:25:33.510404 1.6974 1.6074 1.6074
2013-08-06T11:45:52.080169 1.8782 1.9682 2.2482
2013-08-09T14:49:23.984718 1.8007 2.0007 1.8507
2013-09-25T02:17:23.538695 2.5477 2.5277 2.9377
2013-10-01T18:55:30.797320 3.9233 2.9833 3.3833
2013-10-02T17:57:07.188306 1.3933 6.8433 5.5033
2013-10-08T07:13:54.161899 1.3499 0.8899 3.2099
2013-10-08T22:53:27.914046 2.165 1.985 1.905
2013-10-22T03:58:23.422565 3.9926 5.4226 5.1226
2013-12-24T02:40:54.246005 2.447 3.707 2.137
2014-01-07T11:48:55.596245 1.9092 1.6093 3.0192
2014-01-09T01:04:43.119689 1.6747 2.3847 2.2847
2014-01-20T13:22:05.955628 2.0146 3.8546 3.7946
2014-02-19T02:51:13.973674 3.7517 3.5317 3.3017
2014-02-23T09:29:53.301860 1.9688 1.9989 1.6288
2014-02-25T00:21:33.165604 2.8216 3.2116 2.8516
2014-03-06T01:18:28.412160 1.4572 1.2872 3.6272
2014-03-15T15:54:14.712199 1.2822 11.7822 1.2422
2014-04-01T22:30:27.318821 1.8098 2.2798 1.2298
2014-04-22T03:07:38.724967 3.003 3.053 2.073
2014-04-24T01:18:36.606315 3.2003 3.7603 3.2803
2014-04-26T16:10:35.418532 4.1495 3.8395 3.6495
2014-04-29T08:28:44.287019 2.361 2.391 10.041
2014-05-07T12:33:47.210573 1.6046 1.3246 4.8546
2014-05-24T14:02:36.939235 1.5702 4.6302 4.4302
2014-06-10T02:59:21.811578 3.3496 2.9496 2.6896
2014-06-10T06:48:54.828471 1.7195 1.3295 6.9995
2014-06-12T03:29:18.765404 2.5794 2.5994 2.4594
2014-06-13T01:14:50.152956 1.975 1.765 1.145
2014-08-29T03:45:07.210221 -0.19078 3.6792 2.5992
2014-09-15T14:10:41.820443 2.8324 2.3224 2.0924
2014-09-30T23:10:08.289646 1.5716 2.9516 2.3016
2014-10-16T06:48:29.323089 1.7611 1.8611 1.8111
2014-10-17T13:45:24.772438 1.5284 2.7084 2.6884
2014-10-29T14:12:24.484966 1.795 1.505 1.285
2014-10-29T23:27:53.571815 2.7238 2.8238 2.8138
2014-11-05T17:30:08.247453 1.4235 1.4834 1.3535
2015-01-22T04:46:57.607085 2.5583 1.5787 7.5175
2015-03-17T10:11:20.116531 2.2853 2.3964 10.7802
2015-03-27T23:34:55.105432 2.7394 2.5594 1.6994
2015-03-29T02:11:33.237365 2.5464 2.7064 2.4564
2015-04-07T09:46:17.477818 4.2128 7.4728 7.4028
2015-05-21T21:02:47.344128 1.8371 9.2171 12.0671
2015-05-28T19:36:49.198313 2.5803 2.9603 2.7503
2015-06-20T18:41:43.762964 1.77 1.44 1.4
2015-07-03T14:09:41.405137 2.0941 1.2641 1.0441
2015-07-15T02:00:57.496209 2.4192 5.2092 1.5492
2015-07-27T16:57:45.870709 11.0987 10.7987 10.5787
2015-08-01T18:26:24.815033 1.425 1.345 4.805
2015-08-04T20:51:21.511996 1.779 2.869 3.779
2015-08-08T10:23:0.410508 2.0295 1.6395 3.0495
2015-09-20T00:35:28.547672 1.8217 1.9717 5.4117
2015-09-26T22:43:19.541743 1.6597 9.3897 9.3797
2015-12-10T18:16:04.066231 3.8528 2.8629 1.9235
2015-12-29T21:43:34.829119 1.4911 1.4011 1.5911
2016-04-04T13:39:12.404313 3.5893 2.1993 2.5293
2016-04-14T13:24:35.345941 4.8699 5.4399 4.6099
2016-06-12T22:50:34.882967 3.064 3.154 2.534
2016-09-27T20:57:09.672043 2.884 2.804 8.354
2016-10-22T23:34:36.396587 3.4816 4.5916 4.6016
2016-12-04T06:35:23.761175 1.0532 3.3032 6.6632
2017-01-05T14:05:05.910748 2.0128 1.5828 7.5427
2017-01-10T00:46:50.990385 1.3124 3.2024 3.0524
2017-01-29T05:02:52.408522 1.5875 1.3575 2.5675
2017-03-08T07:55:02.099815 6.3738 1.7938 1.6038
2017-03-11T04:37:43.421262 0.95326 0.79326 0.80326
2017-05-31T20:30:14.873291 2.0013 1.3113 11.7913
2017-07-22T02:05:25.820861 3.3159 1.2359 1.0859
2017-07-22T17:25:48.167943 2.202 1.0819 11.4519
2017-08-16T15:53:30.411816 1.9688 1.4288 1.1988
2017-11-11T10:15:38.099613 1.1226 1.7426 1.6126
2017-11-11T19:13:10.728797 3.0118 7.7618 2.9718
2018-02-14T18:27:08.099470 1.6925 1.3125 1.1425
2018-02-23T05:15:02.068279 2.3493 3.7093 0.94927
2018-03-12T15:04:11.098194 1.8742 1.5042 1.3642
2018-03-26T23:32:31.135112 2.3491 2.3591 1.3791
