2012-05-09T18:58:51.005201 1.6162 1.2362 2.7462
2012-05-17T01:45:04.361618 1.2056 0.91562 10.7556
2012-05-25T21:01:29.388123 1.4911 1.2011 6.9511
2012-06-10T05:13:44.307813 2.6128 3.2728 6.4728
2012-06-28T17:34:27.044152 5.7671 2.4472 5.0671
2012-07-04T10:43:15.118662 3.4777 1.9477 3.6777
2012-07-05T08:21:20.912959 1.127 0.52696 1.387
2012-07-07T07:51:24.946555 2.3296 1.6896 7.8196
2012-07-15T03:34:07.607147 1.5101 9.9901 9.9301
2012-07-17T07:55:21.818418 1.6634 2.4334 2.0834
2012-07-24T22:45:59.403782 3.2288 3.4388 5.7888
2012-08-13T22:22:15.162978 1.971 1.171 1.731
2012-08-25T07:48:18.486210 1.9922 1.8922 2.2722
2012-09-13T14:14:18.227580 1.7356 1.4256 11.4856
2012-09-14T05:10:04.803212 2.2932 1.7232 9.7332
2012-09-17T23:39:11.331239 5.8102 4.4902 5.5802
2012-09-19T20:01:37.734624 3.3836 3.2536 2.4936
2012-09-23T04:20:09.690575 1.8236 1.8936 2.1436
2012-10-02T13:10:31.352951 1.4709 1.1609 0.91095
2012-10-17T13:32:36.908533 1.5965 1.3865 1.3065
2012-10-20T13:31:05.871911 1.2309 1.8609 1.2309
2012-11-04T23:36:38.261444 1.6484 1.5084 4.0084
2012-12-04T21:07:30.471341 8.9144 8.4344 9.6644
2012-12-08T09:15:24.027084 1.2261 0.84608 3.0061
2013-01-13T22:59:46.898065 1.1271 0.90707 11.2971
2013-02-07T00:08:47.641736 1.8667 1.6567 2.3067
2013-02-24T02:12:08.078806 2.1048 1.7248 4.5748
2013-03-25T20:55:18.747481 3.2595 3.8495 3.7795
2013-03-31T16:28:09.653958 2.869 2.309 2.119
2013-04-10T09:28:26.386709 3.9987 3.5687 4.4787
2013-04-11T08:43:36.356055 1.5491 1.8991 1.8191
2013-04-12T08:55:02.561903 2.1549 2.0449 1.8949
2013-05-09T18:09:15.437241 1.7372 1.8172 2.5272
2013-05-10T19:50:13.054057 1.1071 0.80705 9.7071
2013-07-31T22:25:33.510404 2.1614 2.8714 2.9714
2013-08-09T14:49:23.984718 1.8287 2.6687 4.9187
2013-10-02T17:57:07.188306 1.8333 1.4533 1.5433
2013-10-18T01:26:47.318614 1.7886 10.5186 10.9686
2013-11-09T20:42:47.730782 3.4158 3.1058 3.5258
2013-11-29T14:19:12.493140 1.8751 6.3051 6.2651
2013-12-09T23:48:15.759099 1.5121 6.8321 6.8421
2014-01-07T11:48:55.596245 4.3662 2.0562 4.0262
2014-02-08T15:30:40.919100 1.9131 1.4831 2.4931
2014-02-21T16:16:30.277070 1.2351 1.7051 5.9251
2014-02-23T09:29:53.301860 1.5149 1.6949 1.3649
2014-04-01T22:30:27.318821 1.4598 3.0898 1.8298
2014-04-29T08:28:44.287019 3.188 2.808 4.748
2014-05-24T14:02:36.939235 2.8102 2.2802 2.9802
2014-06-11T20:44:21.741351 2.0804 3.5503 4.4004
2014-06-16T16:10:49.481971 2.202 2.972 2.582
2014-07-15T05:41:03.469288 2.0573 2.7073 2.4373
2014-08-02T13:03:16.490775 1.4438 2.0338 12.3738
2014-08-05T18:25:21.843703 1.5217 1.0417 1.5017
2014-10-08T03:36:55.355762 2.0888 2.0188 3.9588
2014-10-16T06:48:29.323089 1.8331 1.8531 1.9231
2014-12-07T22:54:16.193024 2.907 2.217 3.057
2015-03-18T04:18:52.092886 2.5449 2.3249 2.1449
2015-03-27T23:34:55.105432 1.3144 1.0844 1.8644
2015-05-22T01:44:38.051921 1.8591 4.4854 6.0914
2015-06-20T18:41:43.762964 1.275 1.055 10.535
2015-06-28T20:36:53.350369 2.0734 1.8234 2.7834
2015-07-27T16:57:45.870709 3.6457 3.5857 4.6857
2015-07-31T00:47:04.889023 2.4837 1.7388 8.8408
2015-08-04T20:51:21.511996 3.578 3.418 4.418
2015-09-20T00:35:28.547672 2.5437 2.7137 3.1937
2015-10-24T20:40:07.373095 2.1111 1.1311 2.6111
2015-11-02T00:23:24.617453 2.0845 6.6745 9.2145
2015-11-25T10:51:38.798484 5.0195 7.3595 3.6995
2016-06-02T07:56:38.514506 2.2355 6.4555 2.1055
2016-08-21T09:03:48.645623 3.0546 2.5346 3.5946
2016-09-09T04:40:14.116742 0.64574 1.1457 1.3657
2016-11-20T00:04:10.019907 5.0079 6.0179 6.6179
2016-11-26T01:26:35.108153 1.6422 1.3021 2.5222
2016-12-04T06:35:23.761175 6.3872 4.3272 2.9972
2017-01-05T14:05:05.910748 8.6177 8.0478 9.5378
2017-03-11T04:37:43.421262 3.7753 2.6853 2.7653
2017-04-02T00:35:31.138389 0.93539 0.64539 2.5154
2017-04-16T12:11:05.247234 11.4182 11.2982 7.6482
2017-04-18T20:34:03.622164 6.0962 2.9662 2.8262
2017-06-07T02:34:33.729273 3.1643 2.9943 2.9243
2017-07-22T02:05:25.820861 1.0819 3.3619 3.0519
2017-07-22T17:25:48.167943 9.2189 10.7789 11.1289
2017-08-16T15:53:30.411816 1.8538 1.4838 9.9638
2017-08-20T21:02:07.344217 2.3932 2.3932 2.8732
2017-11-11T19:13:10.728797 1.8288 1.7988 2.0388
2017-11-14T13:40:0.269453 4.4204 4.1204 6.0904
2018-02-14T18:27:08.099470 1.9715 8.3215 10.1815
