2005-11-13T19:21:11.818925 0.87692 9.2769 0
2005-11-16T18:06:41.772527 1.0665 5.8665 0
2005-11-26T11:48:17.867800 1.0028 0.6528 0
2005-12-07T21:01:58.367347 1.7664 3.7664 0
2005-12-15T17:33:45.881419 2.3494 2.2494 0
2005-12-22T09:13:09.796509 1.5085 3.4585 0
2005-12-26T06:20:54.008090 2.6011 2.1011 0
2006-01-08T11:47:18.786391 4.9684 5.0184 0
2006-01-08T17:30:25.355616 8.9526 7.8026 0
2006-01-09T08:13:11.606970 4.871 4.571 0
2006-01-09T12:14:48.139025 4.735 4.585 0
2006-01-11T20:14:03.533777 5.4808 5.3308 0
2006-01-22T10:10:31.823088 3.9961 2.1961 0
2006-01-23T10:34:55.758445 1.9854 0.93544 0
2006-02-03T23:10:46.314478 1.5245 0.82448 11.5245
2006-02-14T21:18:56.101353 1.3763 1.9764 1.9964
2006-02-18T19:09:15.492327 0.82732 0.72732 0.98733
2006-02-21T18:44:40.977686 1.4067 2.3467 4.9867
2006-02-26T02:20:30.383468 1.9565 1.8965 3.0765
2006-03-05T15:03:26.620106 2.0281 2.0681 0.46811
2006-03-15T00:57:32.955195 1.2182 6.1582 7.2382
2006-03-15T03:17:13.092790 5.5458 8.9858 12.1458
2006-03-28T12:23:56.361614 7.7256 10.9856 8.6456
2006-04-02T21:05:14.669954 2.326 0.86595 3.4059
2006-04-18T21:06:16.933816 0.97482 1.0748 4.6548
2006-04-19T05:40:43.048960 8.6799 9.92 9.82
2006-04-29T22:58:26.019253 6.9463 4.6063 9.2863
2006-04-30T01:34:22.439345 1.0133 0.73335 6.6334
2006-05-15T04:22:41.676124 0.99613 2.0561 1.7561
2006-05-17T14:02:06.579735 1.3557 1.7557 1.6957
2006-05-24T11:31:21.747656 5.7687 4.6887 6.6287
2006-06-05T17:27:28.062354 1.5714 0.97136 0.71136
2006-06-13T16:28:03.806596 1.0126 1.9726 1.6726
2006-06-19T07:16:55.630003 1.588 3.748 9.348
2006-08-05T07:03:09.941685 1.5117 0.95169 4.2517
2006-08-05T20:06:16.703811 1.2368 1.6368 1.4168
2006-10-02T20:42:22.996314 0.95131 0.65131 2.1113
2006-11-08T11:31:0.947653 9.5877 4.8877 5.7277
2006-11-23T02:11:59.066567 1.6496 10.8296 10.0896
2006-11-25T23:51:12.351779 1.7288 1.1888 2.5288
2006-11-30T18:45:36.620711 7.8977 9.4377 12.2377
2006-12-05T15:01:48.939290 2.2843 1.9443 1.5243
2006-12-16T23:24:33.609897 1.4009 7.8409 7.3609
2007-01-20T14:50:47.776953 1.0619 0.48195 11.742
