2011-02-01T02:55:28.165592 2.6866 0.90659 6.2266
2011-02-07T17:52:48.331783 1.8398 1.1398 2.1298
2011-02-14T02:32:58.531963 1.279 1.509 11.429
2011-02-24T03:29:03.344456 1.9435 0.76346 0.60346
2011-03-06T05:30:04.639963 1.307 1.517 2.307
2011-03-12T00:57:28.617506 1.7065 1.0165 10.7965
2011-03-14T12:08:13.990498 1.0455 1.0555 7.1155
2011-03-16T14:25:24.710818 1.8258 5.1258 2.4558
2011-03-26T14:51:27.824478 1.0245 1.1345 4.1245
2011-04-01T17:59:50.036019 1.56 1.27 1.35
2011-04-01T23:47:59.359746 2.1347 2.0448 1.9647
2011-04-03T13:52:54.803378 2.3174 1.7974 1.6374
2011-04-05T06:11:52.973145 1.5301 1.8601 2.0002
2011-04-09T18:15:09.861504 1.5775 2.4175 1.9975
2011-04-12T07:47:43.047931 1.7149 3.0349 2.1449
2011-04-20T00:06:17.091931 1.2659 0.97593 0.96593
2011-04-25T12:11:08.909785 2.2338 1.1638 1.5638
2011-05-10T00:32:42.040145 4.1851 4.1251 3.9051
2011-05-17T21:16:46.292031 1.385 4.065 1.405
2011-05-30T00:52:02.459461 1.2655 2.5055 3.1655
2011-06-19T06:37:54.070867 1.0899 2.1399 6.6599
2011-06-24T01:57:40.132139 1.1001 0.72014 2.4601
2011-07-01T03:40:01.605231 1.5092 1.2892 1.1592
2011-07-02T02:06:26.646121 1.1461 1.4061 2.3261
2011-07-02T11:44:47.876242 1.5962 1.6062 11.6862
2011-07-03T08:07:52.724988 2.229 1.719 1.549
2011-07-10T04:09:21.069666 1.6097 11.8697 11.6497
2011-07-12T21:14:39.658715 1.2477 10.2577 9.9877
2011-07-14T08:15:45.930447 2.1294 5.5395 6.1494
2011-07-20T15:26:52.168105 1.1121 1.7921 1.5021
2011-08-01T22:53:48.056794 2.4738 2.0738 2.0438
2011-08-09T23:49:37.530544 1.1345 1.0645 1.2145
2011-08-10T20:56:03.125216 1.5222 8.4222 1.8922
2011-08-18T15:10:50.651720 1.3317 1.0617 6.0217
2011-08-21T11:20:01.796421 2.4094 2.7094 2.7194
2011-08-27T16:23:02.051381 1.6334 1.9234 1.8634
2011-09-08T04:58:41.492328 1.1153 1.5053 1.0453
2011-10-04T06:12:13.958683 4.2337 10.5537 10.5337
2011-10-05T14:41:31.754623 2.9616 4.7616 8.6516
2011-10-06T16:09:39.818784 1.8868 1.9868 2.0468
2011-10-14T09:31:21.709747 11.4527 5.6727 5.4828
2011-10-18T06:40:31.125243 2.8042 1.7842 4.7142
2011-10-27T22:34:56.663600 2.4286 3.0586 1.8886
2011-10-28T19:45:03.005068 2.1901 1.9001 3.4101
2011-12-10T02:46:30.833366 2.8614 2.8714 2.2114
2011-12-23T06:57:26.879120 5.2191 4.3891 11.3391
2012-01-06T07:04:11.137822 1.5468 2.2268 2.0168
2012-01-30T03:59:40.004542 1.2485 1.9085 8.7985
2012-02-09T21:57:10.655742 2.1087 1.8787 1.7987
2012-02-22T04:03:07.822680 1.3787 2.8787 8.5187
2012-03-30T20:20:48.866833 0.88184 1.4618 1.5118
2012-04-01T02:10:40.479585 1.1336 8.7436 11.7136
2012-04-03T20:15:10.722381 1.6724 1.3524 11.0624
2012-04-10T03:04:17.970442 2.6684 4.7885 7.2584
2012-04-22T14:28:06.609750 1.2477 5.7977 11.4278
2012-04-22T19:15:39.259758 2.0238 1.5638 1.4238
2012-04-30T23:19:37.620593 1.3686 3.7986 3.6286
