2011-02-07T17:52:48.331783 2.7118 1.8118 2.1818
2011-02-24T03:29:03.344456 1.9055 1.5955 1.2955
2011-04-01T17:59:50.036019 2.164 2.464 1.774
2011-04-01T23:47:59.359746 1.7737 1.8637 1.7537
2011-04-05T06:11:52.973145 1.2671 1.2671 2.7471
2011-04-09T18:15:09.861504 3.3215 2.0215 1.2115
2011-04-12T07:47:43.047931 2.3169 0.90693 2.1369
2011-04-30T07:44:44.057711 7.5327 5.5027 8.2727
2011-05-10T00:32:42.040145 4.1071 0.79715 4.3571
2011-05-17T21:16:46.292031 1.3 3.51 3.78
2011-05-30T00:52:02.459461 3.7365 0.96646 3.1665
2011-06-19T06:37:54.070867 1.5099 1.0299 8.0399
2011-06-24T01:57:40.132139 2.7591 1.6491 2.0191
2011-07-01T03:40:01.605231 1.2482 2.9682 8.7782
2011-07-02T11:44:47.876242 1.0083 0.70825 8.2182
2011-07-12T21:14:39.658715 2.0087 5.5187 5.5287
2011-08-01T22:53:48.056794 2.5058 1.6758 2.2958
2011-08-02T09:43:15.543929 1.4129 8.5929 3.4729
2011-08-09T23:49:37.530544 1.7025 3.4725 2.1825
2011-08-10T20:56:03.125216 1.5762 2.4962 2.3562
2011-08-17T22:03:12.471891 2.0409 1.7509 1.3909
2011-08-18T15:10:50.651720 2.2437 1.3337 1.7037
2011-08-21T11:20:01.796421 0.94342 2.0334 1.3234
2011-08-23T04:56:14.785951 1.418 1.5779 3.3279
2011-08-27T16:23:02.051381 1.2714 1.3614 2.7914
2011-09-10T03:16:36.429026 1.554 1.154 7.364
2011-09-22T20:13:28.668312 1.7323 3.0423 1.8223
2011-09-29T12:07:20.643704 1.8967 2.5467 2.3467
2011-10-05T14:41:31.754623 4.6846 3.3046 3.1346
2011-10-06T16:09:39.818784 3.7458 2.7258 2.8658
2011-10-14T09:31:21.709747 2.2018 4.0018 2.1218
2011-10-27T22:34:56.663600 2.3706 3.3306 2.0806
2011-12-10T02:46:30.833366 1.6734 1.8034 3.6934
2011-12-15T04:47:20.176911 1.2399 2.2699 2.1499
2011-12-19T23:57:07.653878 5.3569 6.1769 7.4369
2011-12-23T06:57:26.879120 5.0871 7.8871 6.7971
2012-01-06T07:04:11.137822 3.1688 1.8688 2.1688
2012-02-09T21:57:10.655742 1.6037 1.7837 3.0537
2012-03-06T17:00:58.715415 5.8734 4.2934 2.8634
2012-04-01T02:10:40.479585 4.9866 2.7266 1.3466
2012-04-06T19:40:08.756889 4.8159 4.7259 4.6259
2012-04-22T19:15:39.259758 1.8178 1.8778 1.7278
2012-04-27T12:22:56.773166 4.3432 2.7432 1.4532
