3637 36.500000 27.900000 70.000000 106 0.024627
3638 36.500000 27.900000 50.000000 189 0.031163
3639 36.500000 27.900000 30.000000 109 0.031205
3644 36.500000 28.100000 30.000000 85 0.050221
3645 36.500000 28.100000 10.000000 76 0.043024
3415 36.299999 28.100000 10.000000 351 0.041780
3632 36.500000 27.700001 70.000000 147 0.024871
3633 36.500000 27.700001 50.000000 162 0.026624
3863 36.700001 27.700001 50.000000 139 0.030892
3864 36.700001 27.700001 30.000000 84 0.032206
3865 36.700001 27.700001 10.000000 43 0.036055
3860 36.700001 27.500000 10.000000 96 0.031580
3868 36.700001 27.900000 50.000000 137 0.037204
3869 36.700001 27.900000 30.000000 98 0.037421
3874 36.700001 28.100000 30.000000 50 0.047443
3875 36.700001 28.100000 10.000000 116 0.041754
3408 36.299999 27.900000 50.000000 202 0.039046
3409 36.299999 27.900000 30.000000 191 0.040060
3179 36.099998 27.900000 30.000000 143 0.044858
3180 36.099998 27.900000 10.000000 236 0.033551
4098 36.900002 27.900000 50.000000 95 0.035592
4099 36.900002 27.900000 30.000000 38 0.057995
4100 36.900002 27.900000 10.000000 24 0.057561
4330 37.099998 27.900000 10.000000 62 0.044332
3642 36.500000 28.100000 70.000000 46 0.032821
3643 36.500000 28.100000 50.000000 159 0.040722
3873 36.700001 28.100000 50.000000 163 0.038209
3878 36.700001 28.299999 50.000000 132 0.025657
3883 36.700001 28.500000 50.000000 122 0.023522
3884 36.700001 28.500000 30.000000 104 0.022273
3889 36.700001 28.700001 30.000000 104 0.022168
3890 36.700001 28.700001 10.000000 46 0.024878
3895 36.700001 28.900000 10.000000 50 0.029209
4125 36.900002 28.900000 10.000000 136 0.025626
3402 36.299999 27.700001 70.000000 122 0.030536
3403 36.299999 27.700001 50.000000 225 0.031655
3398 36.299999 27.500000 50.000000 156 0.025924
3168 36.099998 27.500000 50.000000 234 0.027662
2938 35.900002 27.500000 50.000000 146 0.034386
2939 35.900002 27.500000 30.000000 108 0.039869
2934 35.900002 27.299999 30.000000 99 0.034745
2704 35.700001 27.299999 30.000000 146 0.036551
2705 35.700001 27.299999 10.000000 138 0.036892
2700 35.700001 27.100000 10.000000 287 0.039616
3958 36.900002 22.299999 50.000000 22 0.046879
3963 36.900002 22.500000 50.000000 46 0.049330
3964 36.900002 22.500000 30.000000 63 0.060585
3965 36.900002 22.500000 10.000000 102 0.059521
3728 36.700001 22.299999 50.000000 11 0.037391
3733 36.700001 22.500000 50.000000 19 0.052010
3734 36.700001 22.500000 30.000000 18 0.052526
3504 36.500000 22.500000 30.000000 11 0.052494
3505 36.500000 22.500000 10.000000 88 0.065884
3959 36.900002 22.299999 30.000000 49 0.048059
3954 36.900002 22.100000 30.000000 56 0.047410
3955 36.900002 22.100000 10.000000 31 0.045737
3950 36.900002 21.900000 10.000000 43 0.048802
3720 36.700001 21.900000 10.000000 45 0.046591
4194 37.099998 22.500000 30.000000 75 0.058547
4199 37.099998 22.700001 30.000000 134 0.057549
4200 37.099998 22.700001 10.000000 42 0.044816
4205 37.099998 22.900000 10.000000 232 0.049445
4184 37.099998 22.100000 30.000000 118 0.045982
4185 37.099998 22.100000 10.000000 119 0.049461
4180 37.099998 21.900000 10.000000 318 0.054352
3872 36.700001 28.100000 70.000000 136 0.032408
3877 36.700001 28.299999 70.000000 40 0.027453
4119 36.900002 28.700001 30.000000 74 0.024972
4120 36.900002 28.700001 10.000000 86 0.023543
5568 38.299999 22.299999 50.000000 309 0.049654
5338 38.099998 22.299999 50.000000 738 0.050538
5333 38.099998 22.100000 50.000000 1268 0.069867
5334 38.099998 22.100000 30.000000 593 0.070255
5335 38.099998 22.100000 10.000000 710 0.058834
5339 38.099998 22.299999 30.000000 400 0.053681
5344 38.099998 22.500000 30.000000 141 0.061664
5114 37.900002 22.500000 30.000000 331 0.042816
5115 37.900002 22.500000 10.000000 324 0.042993
5108 37.900002 22.299999 50.000000 427 0.049342
5109 37.900002 22.299999 30.000000 517 0.050907
4879 37.700001 22.299999 30.000000 201 0.058409
4884 37.700001 22.500000 30.000000 367 0.046116
4885 37.700001 22.500000 10.000000 129 0.050260
4655 37.500000 22.500000 10.000000 215 0.050266
5343 38.099998 22.500000 50.000000 538 0.047906
5113 37.900002 22.500000 50.000000 540 0.046223
5119 37.900002 22.700001 30.000000 99 0.050177
4889 37.700001 22.700001 30.000000 243 0.047312
4894 37.700001 22.900000 30.000000 129 0.054663
4895 37.700001 22.900000 10.000000 27 0.030474
4883 37.700001 22.500000 50.000000 775 0.048031
4653 37.500000 22.500000 50.000000 611 0.050888
4654 37.500000 22.500000 30.000000 224 0.050073
4659 37.500000 22.700001 30.000000 228 0.046255
4429 37.299999 22.700001 30.000000 153 0.049967
4430 37.299999 22.700001 10.000000 63 0.044319
5348 38.099998 22.700001 50.000000 399 0.042051
5353 38.099998 22.900000 50.000000 315 0.038135
5358 38.099998 23.100000 50.000000 234 0.040166
5128 37.900002 23.100000 50.000000 319 0.035948
5133 37.900002 23.299999 50.000000 280 0.031531
5138 37.900002 23.500000 50.000000 138 0.025984
5143 37.900002 23.700001 50.000000 63 0.022846
5144 37.900002 23.700001 30.000000 421 0.031081
4914 37.700001 23.700001 30.000000 361 0.037596
4919 37.700001 23.900000 30.000000 212 0.029777
4924 37.700001 24.100000 30.000000 68 0.023832
4925 37.700001 24.100000 10.000000 163 0.024251
4930 37.700001 24.299999 10.000000 81 0.028409
3371 36.299999 26.500000 90.000000 373 0.028629
3372 36.299999 26.500000 70.000000 20 0.029295
3602 36.500000 26.500000 70.000000 85 0.017320
3603 36.500000 26.500000 50.000000 115 0.016150
3604 36.500000 26.500000 30.000000 83 0.016914
3605 36.500000 26.500000 10.000000 121 0.017020
3376 36.299999 26.700001 90.000000 387 0.028158
3606 36.500000 26.700001 90.000000 559 0.024625
3607 36.500000 26.700001 70.000000 42 0.020208
3608 36.500000 26.700001 50.000000 69 0.022395
3613 36.500000 26.900000 50.000000 59 0.026359
3843 36.700001 26.900000 50.000000 72 0.044390
3844 36.700001 26.900000 30.000000 55 0.057055
3845 36.700001 26.900000 10.000000 72 0.061388
3146 36.099998 26.700001 90.000000 171 0.029971
3147 36.099998 26.700001 70.000000 83 0.026918
2922 35.900002 26.900000 70.000000 172 0.032473
2923 35.900002 26.900000 50.000000 252 0.032875
2924 35.900002 26.900000 30.000000 17 0.036402
2694 35.700001 26.900000 30.000000 177 0.035740
2699 35.700001 27.100000 30.000000 185 0.040705
3141 36.099998 26.500000 90.000000 237 0.029234
2917 35.900002 26.700001 70.000000 178 0.027973
2918 35.900002 26.700001 50.000000 185 0.030043
2688 35.700001 26.700001 50.000000 243 0.037307
2693 35.700001 26.900000 50.000000 221 0.034474
2464 35.500000 26.900000 30.000000 124 0.040508
2465 35.500000 26.900000 10.000000 129 0.035869
3381 36.299999 26.900000 90.000000 315 0.028471
3382 36.299999 26.900000 70.000000 22 0.027628
3152 36.099998 26.900000 70.000000 152 0.034159
3157 36.099998 27.100000 70.000000 112 0.030433
3162 36.099998 27.299999 70.000000 111 0.026877
3163 36.099998 27.299999 50.000000 130 0.025190
3169 36.099998 27.500000 30.000000 113 0.029215
3174 36.099998 27.700001 30.000000 176 0.029541
3175 36.099998 27.700001 10.000000 115 0.023028
3611 36.500000 26.900000 90.000000 496 0.026009
3616 36.500000 27.100000 90.000000 273 0.026823
3617 36.500000 27.100000 70.000000 68 0.022216
3622 36.500000 27.299999 70.000000 85 0.023797
3623 36.500000 27.299999 50.000000 83 0.024759
3628 36.500000 27.500000 50.000000 87 0.028541
3870 36.700001 27.900000 10.000000 68 0.027877
3136 36.099998 26.299999 90.000000 281 0.029431
2906 35.900002 26.299999 90.000000 165 0.029066
2901 35.900002 26.100000 90.000000 177 0.032672
2902 35.900002 26.100000 70.000000 245 0.031182
2672 35.700001 26.100000 70.000000 191 0.030414
2667 35.700001 25.900000 70.000000 240 0.032743
2668 35.700001 25.900000 50.000000 327 0.038980
2438 35.500000 25.900000 50.000000 365 0.041937
2433 35.500000 25.700001 50.000000 334 0.043199
2434 35.500000 25.700001 30.000000 256 0.034098
2204 35.299999 25.700001 30.000000 371 0.036459
2199 35.299999 25.500000 30.000000 276 0.040565
2200 35.299999 25.500000 10.000000 478 0.037270
1970 35.099998 25.500000 10.000000 406 0.036975
3366 36.299999 26.299999 90.000000 195 0.031034
3131 36.099998 26.100000 90.000000 233 0.032911
2896 35.900002 25.900000 90.000000 124 0.035516
2897 35.900002 25.900000 70.000000 192 0.035949
2892 35.900002 25.700001 70.000000 114 0.036691
2662 35.700001 25.700001 70.000000 144 0.040721
2657 35.700001 25.500000 70.000000 150 0.035258
2658 35.700001 25.500000 50.000000 223 0.038443
2653 35.700001 25.299999 50.000000 204 0.045316
2423 35.500000 25.299999 50.000000 274 0.049652
2424 35.500000 25.299999 30.000000 257 0.049998
2419 35.500000 25.100000 30.000000 330 0.042903
2189 35.299999 25.100000 30.000000 345 0.047709
2190 35.299999 25.100000 10.000000 243 0.058344
2185 35.299999 24.900000 10.000000 407 0.049950
3126 36.099998 25.900000 90.000000 139 0.030368
2891 35.900002 25.700001 90.000000 78 0.037316
2887 35.900002 25.500000 70.000000 62 0.034046
2652 35.700001 25.299999 70.000000 46 0.039213
2648 35.700001 25.100000 50.000000 191 0.048263
2418 35.500000 25.100000 50.000000 228 0.049623
2413 35.500000 24.900000 50.000000 218 0.044892
2414 35.500000 24.900000 30.000000 232 0.042376
2409 35.500000 24.700001 30.000000 226 0.057237
2179 35.299999 24.700001 30.000000 83 0.058853
2180 35.299999 24.700001 10.000000 119 0.058153
2175 35.299999 24.500000 10.000000 96 0.055533
3621 36.500000 27.299999 90.000000 187 0.025871
3626 36.500000 27.500000 90.000000 109 0.024104
3627 36.500000 27.500000 70.000000 135 0.028123
3867 36.700001 27.900000 70.000000 132 0.028836
3982 36.900002 23.299999 70.000000 184 0.038305
3977 36.900002 23.100000 70.000000 113 0.045297
4207 37.099998 23.100000 70.000000 119 0.040441
4208 37.099998 23.100000 50.000000 220 0.045836
4209 37.099998 23.100000 30.000000 68 0.046168
4204 37.099998 22.900000 30.000000 224 0.054830
4212 37.099998 23.299999 70.000000 179 0.034400
4213 37.099998 23.299999 50.000000 164 0.044238
4443 37.299999 23.299999 50.000000 117 0.039042
4444 37.299999 23.299999 30.000000 167 0.049008
4445 37.299999 23.299999 10.000000 279 0.051127
3978 36.900002 23.100000 50.000000 348 0.048818
3979 36.900002 23.100000 30.000000 233 0.047607
3749 36.700001 23.100000 30.000000 340 0.043533
3744 36.700001 22.900000 30.000000 78 0.065833
3745 36.700001 22.900000 10.000000 562 0.045445
4438 37.299999 23.100000 50.000000 150 0.039540
4439 37.299999 23.100000 30.000000 33 0.048161
4669 37.500000 23.100000 30.000000 161 0.056801
4670 37.500000 23.100000 10.000000 178 0.057057
4665 37.500000 22.900000 10.000000 17 0.041829
3973 36.900002 22.900000 50.000000 234 0.051938
3968 36.900002 22.700001 50.000000 74 0.053325
3969 36.900002 22.700001 30.000000 58 0.057096
4203 37.099998 22.900000 50.000000 353 0.051596
4433 37.299999 22.900000 50.000000 260 0.046794
4428 37.299999 22.700001 50.000000 430 0.050872
4217 37.099998 23.500000 70.000000 108 0.029325
4218 37.099998 23.500000 50.000000 225 0.037461
4448 37.299999 23.500000 50.000000 206 0.036836
4453 37.299999 23.700001 50.000000 213 0.036547
4683 37.500000 23.700001 50.000000 215 0.034402
4684 37.500000 23.700001 30.000000 196 0.041722
4689 37.500000 23.900000 30.000000 121 0.030177
4920 37.700001 23.900000 10.000000 138 0.025989
4437 37.299999 23.100000 70.000000 154 0.037079
4663 37.500000 22.900000 50.000000 320 0.042305
4658 37.500000 22.700001 50.000000 951 0.046773
4890 37.700001 22.700001 10.000000 35 0.036321
4103 36.900002 28.100000 50.000000 85 0.037123
4108 36.900002 28.299999 50.000000 38 0.034729
4109 36.900002 28.299999 30.000000 82 0.031587
4110 36.900002 28.299999 10.000000 80 0.032432
4115 36.900002 28.500000 10.000000 44 0.030122
4345 37.099998 28.500000 10.000000 92 0.030498
3634 36.500000 27.700001 30.000000 85 0.026880
3629 36.500000 27.500000 30.000000 60 0.028538
3630 36.500000 27.500000 10.000000 68 0.026809
3625 36.500000 27.299999 10.000000 125 0.026041
4093 36.900002 27.700001 50.000000 83 0.030481
4094 36.900002 27.700001 30.000000 54 0.029041
4089 36.900002 27.500000 30.000000 43 0.025965
4090 36.900002 27.500000 10.000000 26 0.024451
4085 36.900002 27.299999 10.000000 44 0.021762
4315 37.099998 27.299999 10.000000 51 0.019869
3831 36.700001 26.500000 90.000000 243 0.015439
3601 36.500000 26.500000 90.000000 430 0.023921
3836 36.700001 26.700001 90.000000 262 0.021332
3837 36.700001 26.700001 70.000000 26 0.030473
3842 36.700001 26.900000 70.000000 47 0.042308
3826 36.700001 26.299999 90.000000 194 0.014437
3827 36.700001 26.299999 70.000000 139 0.015225
4057 36.900002 26.299999 70.000000 24 0.012352
4058 36.900002 26.299999 50.000000 45 0.014282
4053 36.900002 26.100000 50.000000 80 0.015199
4054 36.900002 26.100000 30.000000 88 0.015396
4055 36.900002 26.100000 10.000000 77 0.017370
4050 36.900002 25.900000 10.000000 201 0.025416
3841 36.700001 26.900000 90.000000 217 0.026903
4071 36.900002 26.900000 90.000000 21 0.018691
4072 36.900002 26.900000 70.000000 9 0.017608
4077 36.900002 27.100000 70.000000 18 0.026733
4078 36.900002 27.100000 50.000000 27 0.024404
4079 36.900002 27.100000 30.000000 9 0.017091
4084 36.900002 27.299999 30.000000 25 0.019801
3821 36.700001 26.100000 90.000000 124 0.014369
3822 36.700001 26.100000 70.000000 188 0.014869
3823 36.700001 26.100000 50.000000 210 0.016541
3818 36.700001 25.900000 50.000000 216 0.015505
3819 36.700001 25.900000 30.000000 278 0.020583
3814 36.700001 25.700001 30.000000 258 0.020979
3815 36.700001 25.700001 10.000000 257 0.018934
3817 36.700001 25.900000 70.000000 90 0.012865
4048 36.900002 25.900000 50.000000 104 0.015758
4043 36.900002 25.700001 50.000000 119 0.013524
4044 36.900002 25.700001 30.000000 265 0.020953
4045 36.900002 25.700001 10.000000 214 0.022565
4040 36.900002 25.500000 10.000000 371 0.025731
3596 36.500000 26.299999 90.000000 200 0.022747
3591 36.500000 26.100000 90.000000 94 0.018736
3592 36.500000 26.100000 70.000000 111 0.020002
3587 36.500000 25.900000 70.000000 59 0.017956
3588 36.500000 25.900000 50.000000 188 0.021734
3583 36.500000 25.700001 50.000000 113 0.023507
3584 36.500000 25.700001 30.000000 125 0.026670
3579 36.500000 25.500000 30.000000 97 0.032579
3349 36.299999 25.500000 30.000000 110 0.042416
3350 36.299999 25.500000 10.000000 214 0.044240
4051 36.900002 26.100000 90.000000 21 0.012891
4052 36.900002 26.100000 70.000000 53 0.014303
4047 36.900002 25.900000 70.000000 64 0.014075
4274 37.099998 25.700001 30.000000 53 0.017607
4275 37.099998 25.700001 10.000000 92 0.019520
4270 37.099998 25.500000 10.000000 254 0.024641
4039 36.900002 25.500000 30.000000 183 0.021907
3816 36.700001 25.900000 90.000000 34 0.012249
3813 36.700001 25.700001 50.000000 126 0.016414
3809 36.700001 25.500000 30.000000 187 0.021337
3810 36.700001 25.500000 10.000000 131 0.021565
3805 36.700001 25.299999 10.000000 214 0.022561
3151 36.099998 26.900000 90.000000 152 0.034610
2928 35.900002 27.100000 50.000000 214 0.037587
2929 35.900002 27.100000 30.000000 67 0.030829
3846 36.700001 27.100000 90.000000 188 0.027017
3851 36.700001 27.299999 90.000000 145 0.030248
3852 36.700001 27.299999 70.000000 61 0.028177
3857 36.700001 27.500000 70.000000 83 0.025669
3858 36.700001 27.500000 50.000000 93 0.029277
3640 36.500000 27.900000 10.000000 41 0.028606
2911 35.900002 26.500000 90.000000 117 0.029319
2907 35.900002 26.299999 70.000000 190 0.032272
2677 35.700001 26.299999 70.000000 125 0.038835
2678 35.700001 26.299999 50.000000 242 0.044620
2448 35.500000 26.299999 50.000000 274 0.045116
2218 35.299999 26.299999 50.000000 62 0.040550
2219 35.299999 26.299999 30.000000 239 0.046461
2220 35.299999 26.299999 10.000000 236 0.045545
1990 35.099998 26.299999 10.000000 300 0.045977
4863 37.700001 21.700001 50.000000 48 0.063045
4864 37.700001 21.700001 30.000000 68 0.076075
4634 37.500000 21.700001 30.000000 48 0.076358
4635 37.500000 21.700001 10.000000 100 0.084814
4405 37.299999 21.700001 10.000000 68 0.051101
5094 37.900002 21.700001 30.000000 71 0.061146
5099 37.900002 21.900000 30.000000 192 0.072519
5100 37.900002 21.900000 10.000000 119 0.067355
5105 37.900002 22.100000 10.000000 217 0.051905
4868 37.700001 21.900000 50.000000 136 0.076735
4869 37.700001 21.900000 30.000000 117 0.075880
4874 37.700001 22.100000 30.000000 103 0.074774
4644 37.500000 22.100000 30.000000 128 0.066161
4649 37.500000 22.299999 30.000000 133 0.065496
4650 37.500000 22.299999 10.000000 68 0.086978
4873 37.700001 22.100000 50.000000 158 0.070213
4878 37.700001 22.299999 50.000000 248 0.055543
4638 37.500000 21.900000 50.000000 28 0.076595
4643 37.500000 22.100000 50.000000 61 0.064385
4648 37.500000 22.299999 50.000000 182 0.055222
4419 37.299999 22.299999 30.000000 155 0.054022
4424 37.299999 22.500000 30.000000 104 0.061837
1718 34.900002 24.700001 50.000000 3 0.081988
1719 34.900002 24.700001 30.000000 4 0.079413
1720 34.900002 24.700001 10.000000 5 0.102928
1950 35.099998 24.700001 10.000000 87 0.066337
1955 35.099998 24.900000 10.000000 130 0.071520
1713 34.900002 24.500000 50.000000 3 0.060709
1714 34.900002 24.500000 30.000000 14 0.077795
1709 34.900002 24.299999 30.000000 32 0.088912
1710 34.900002 24.299999 10.000000 12 0.093597
1705 34.900002 24.100000 10.000000 55 0.094865
1723 34.900002 24.900000 50.000000 1 0.041164
1724 34.900002 24.900000 30.000000 10 0.060881
1729 34.900002 25.100000 30.000000 10 0.057058
1959 35.099998 25.100000 30.000000 56 0.064405
1964 35.099998 25.299999 30.000000 25 0.067866
1965 35.099998 25.299999 10.000000 16 0.061109
3618 36.500000 27.100000 50.000000 76 0.022359
3624 36.500000 27.299999 30.000000 56 0.026005
4066 36.900002 26.700001 90.000000 24 0.013020
4067 36.900002 26.700001 70.000000 4 0.016069
4068 36.900002 26.700001 50.000000 24 0.022377
4073 36.900002 26.900000 50.000000 21 0.023497
4303 37.099998 26.900000 50.000000 12 0.018597
4304 37.099998 26.900000 30.000000 8 0.019099
4305 37.099998 26.900000 10.000000 14 0.022842
3847 36.700001 27.100000 70.000000 34 0.021438
3828 36.700001 26.299999 50.000000 107 0.016717
3853 36.700001 27.299999 50.000000 61 0.027260
3854 36.700001 27.299999 30.000000 32 0.027002
3859 36.700001 27.500000 30.000000 59 0.028121
3820 36.700001 25.900000 10.000000 187 0.022877
3597 36.500000 26.299999 70.000000 102 0.019984
3593 36.500000 26.100000 50.000000 160 0.018918
3386 36.299999 27.100000 90.000000 164 0.026907
3391 36.299999 27.299999 90.000000 105 0.031953
3392 36.299999 27.299999 70.000000 139 0.028651
3397 36.299999 27.500000 70.000000 152 0.031429
3167 36.099998 27.500000 70.000000 83 0.025695
3410 36.299999 27.900000 10.000000 121 0.036593
4076 36.900002 27.100000 90.000000 21 0.020432
4307 37.099998 27.100000 70.000000 15 0.019521
4312 37.099998 27.299999 70.000000 10 0.038805
4313 37.099998 27.299999 50.000000 66 0.029254
4543 37.299999 27.299999 50.000000 71 0.028472
4544 37.299999 27.299999 30.000000 40 0.033182
4549 37.299999 27.500000 30.000000 30 0.048165
4550 37.299999 27.500000 10.000000 25 0.055761
4780 37.500000 27.500000 10.000000 29 0.055238
3586 36.500000 25.900000 90.000000 44 0.023765
3582 36.500000 25.700001 70.000000 34 0.014944
3577 36.500000 25.500000 70.000000 22 0.010865
3578 36.500000 25.500000 50.000000 83 0.020138
3808 36.700001 25.500000 50.000000 56 0.014756
3803 36.700001 25.299999 50.000000 65 0.022034
3804 36.700001 25.299999 30.000000 149 0.028462
3799 36.700001 25.100000 30.000000 201 0.027607
3800 36.700001 25.100000 10.000000 120 0.025304
3795 36.700001 24.900000 10.000000 158 0.033893
2912 35.900002 26.500000 70.000000 157 0.031911
2682 35.700001 26.500000 70.000000 105 0.034489
2447 35.500000 26.299999 70.000000 25 0.037526
3856 36.700001 27.500000 90.000000 104 0.028356
3862 36.700001 27.700001 70.000000 84 0.027883
4092 36.900002 27.700001 70.000000 39 0.026233
4097 36.900002 27.900000 70.000000 61 0.029765
4104 36.900002 28.100000 30.000000 55 0.033758
4340 37.099998 28.299999 10.000000 48 0.030843
3861 36.700001 27.700001 90.000000 84 0.024356
3866 36.700001 27.900000 90.000000 52 0.026186
3121 36.099998 25.700001 90.000000 76 0.033812
3351 36.299999 25.700001 90.000000 75 0.029459
3352 36.299999 25.700001 70.000000 22 0.020683
3347 36.299999 25.500000 70.000000 18 0.026682
3348 36.299999 25.500000 50.000000 67 0.029080
3585 36.500000 25.700001 10.000000 45 0.016850
3356 36.299999 25.900000 90.000000 66 0.023704
3361 36.299999 26.100000 90.000000 115 0.028458
3362 36.299999 26.100000 70.000000 56 0.023505
3363 36.299999 26.100000 50.000000 149 0.024324
3598 36.500000 26.299999 50.000000 108 0.018346
3599 36.500000 26.299999 30.000000 47 0.029849
3600 36.500000 26.299999 10.000000 19 0.019891
3581 36.500000 25.700001 90.000000 30 0.029236
4049 36.900002 25.900000 30.000000 104 0.020336
3346 36.299999 25.500000 90.000000 70 0.030960
3341 36.299999 25.299999 90.000000 56 0.035059
3342 36.299999 25.299999 70.000000 14 0.041914
3572 36.500000 25.299999 70.000000 14 0.015854
3573 36.500000 25.299999 50.000000 67 0.022043
3568 36.500000 25.100000 50.000000 77 0.027850
3569 36.500000 25.100000 30.000000 97 0.032339
3570 36.500000 25.100000 10.000000 40 0.033265
3565 36.500000 24.900000 10.000000 93 0.044510
3807 36.700001 25.500000 70.000000 23 0.010386
2661 35.700001 25.700001 90.000000 21 0.037953
2432 35.500000 25.700001 70.000000 24 0.046809
2427 35.500000 25.500000 70.000000 18 0.040723
2428 35.500000 25.500000 50.000000 256 0.048754
2198 35.299999 25.500000 50.000000 71 0.060654
2666 35.700001 25.900000 90.000000 26 0.036942
2442 35.500000 26.100000 70.000000 29 0.042460
2443 35.500000 26.100000 50.000000 265 0.045656
2213 35.299999 26.100000 50.000000 61 0.043554
2214 35.299999 26.100000 30.000000 157 0.051736
2215 35.299999 26.100000 10.000000 101 0.059646
1985 35.099998 26.100000 10.000000 76 0.050830
2886 35.900002 25.500000 90.000000 42 0.034059
2656 35.700001 25.500000 90.000000 13 0.035435
2651 35.700001 25.299999 90.000000 11 0.037988
2422 35.500000 25.299999 70.000000 11 0.038106
2184 35.299999 24.900000 30.000000 86 0.060292
2676 35.700001 26.299999 90.000000 13 0.035372
2683 35.700001 26.500000 50.000000 353 0.040294
2458 35.500000 26.700001 50.000000 83 0.043162
2459 35.500000 26.700001 30.000000 83 0.049449
2881 35.900002 25.299999 90.000000 27 0.035854
2646 35.700001 25.100000 90.000000 9 0.040116
2647 35.700001 25.100000 70.000000 47 0.039280
2642 35.700001 24.900000 70.000000 63 0.042257
2412 35.500000 24.900000 70.000000 10 0.054388
2408 35.500000 24.700001 50.000000 199 0.049370
2421 35.500000 25.299999 90.000000 1 0.032699
2417 35.500000 25.100000 70.000000 6 0.032073
2188 35.299999 25.100000 50.000000 33 0.063507
1954 35.099998 24.900000 30.000000 59 0.072827
3158 36.099998 27.100000 50.000000 89 0.023092
3116 36.099998 25.500000 90.000000 47 0.033950
2876 35.900002 25.100000 90.000000 29 0.043545
2641 35.700001 24.900000 90.000000 2 0.041777
2637 35.700001 24.700001 70.000000 42 0.047816
2632 35.700001 24.500000 70.000000 14 0.047379
2633 35.700001 24.500000 50.000000 313 0.045748
2403 35.500000 24.500000 50.000000 117 0.053914
2398 35.500000 24.299999 50.000000 63 0.058730
2399 35.500000 24.299999 30.000000 214 0.058451
2394 35.500000 24.100000 30.000000 170 0.064231
2395 35.500000 24.100000 10.000000 389 0.066828
2390 35.500000 23.900000 10.000000 405 0.073786
4887 37.700001 22.700001 70.000000 555 0.043886
4888 37.700001 22.700001 50.000000 847 0.043786
4664 37.500000 22.900000 30.000000 116 0.055504
4675 37.500000 23.299999 10.000000 270 0.054199
5104 37.900002 22.100000 30.000000 179 0.058867
4893 37.700001 22.900000 50.000000 438 0.038407
4898 37.700001 23.100000 50.000000 368 0.035189
4903 37.700001 23.299999 50.000000 249 0.034545
4908 37.700001 23.500000 50.000000 125 0.029150
4909 37.700001 23.500000 30.000000 220 0.040045
4913 37.700001 23.700001 50.000000 116 0.026625
3156 36.099998 27.100000 90.000000 33 0.024224
2916 35.900002 26.700001 90.000000 51 0.028390
2453 35.500000 26.500000 50.000000 210 0.042507
2449 35.500000 26.299999 30.000000 156 0.047460
4668 37.500000 23.100000 50.000000 188 0.038533
4673 37.500000 23.299999 50.000000 117 0.035219
5112 37.900002 22.500000 70.000000 128 0.046786
5117 37.900002 22.700001 70.000000 256 0.046973
5118 37.900002 22.700001 50.000000 412 0.044243
3991 36.900002 23.700001 90.000000 179 0.032184
3992 36.900002 23.700001 70.000000 141 0.033002
4222 37.099998 23.700001 70.000000 73 0.032226
4449 37.299999 23.500000 30.000000 67 0.033273
3996 36.900002 23.900000 90.000000 92 0.032532
3997 36.900002 23.900000 70.000000 60 0.025933
4227 37.099998 23.900000 70.000000 40 0.025435
4232 37.099998 24.100000 70.000000 27 0.018478
4233 37.099998 24.100000 50.000000 108 0.029509
4238 37.099998 24.299999 50.000000 65 0.027883
4239 37.099998 24.299999 30.000000 75 0.031733
4240 37.099998 24.299999 10.000000 78 0.029951
4245 37.099998 24.500000 10.000000 103 0.029516
3987 36.900002 23.500000 70.000000 138 0.033101
4221 37.099998 23.700001 90.000000 109 0.033150
4457 37.299999 23.900000 70.000000 32 0.032849
4458 37.299999 23.900000 50.000000 177 0.027918
4463 37.299999 24.100000 50.000000 80 0.023922
4464 37.299999 24.100000 30.000000 56 0.030347
4694 37.500000 24.100000 30.000000 84 0.029493
4699 37.500000 24.299999 30.000000 60 0.027374
4700 37.500000 24.299999 10.000000 58 0.029844
4216 37.099998 23.500000 90.000000 100 0.031499
4442 37.299999 23.299999 70.000000 114 0.032003
5120 37.900002 22.700001 10.000000 26 0.028788
4435 37.299999 22.900000 10.000000 38 0.050771
4418 37.299999 22.299999 50.000000 119 0.050902
4414 37.299999 22.100000 30.000000 172 0.052976
4415 37.299999 22.100000 10.000000 151 0.052770
4410 37.299999 21.900000 10.000000 241 0.058056
4639 37.500000 21.900000 30.000000 136 0.069175
4640 37.500000 21.900000 10.000000 68 0.061631
4423 37.299999 22.500000 50.000000 162 0.053060
4188 37.099998 22.299999 50.000000 47 0.041907
4189 37.099998 22.299999 30.000000 110 0.049191
5134 37.900002 23.299999 30.000000 297 0.038409
5139 37.900002 23.500000 30.000000 499 0.038382
5145 37.900002 23.700001 10.000000 629 0.040412
5375 38.099998 23.700001 10.000000 376 0.034994
5380 38.099998 23.900000 10.000000 666 0.033838
4901 37.700001 23.299999 90.000000 94 0.033580
4902 37.700001 23.299999 70.000000 39 0.024505
4672 37.500000 23.299999 70.000000 71 0.030795
4674 37.500000 23.299999 30.000000 45 0.044037
4896 37.700001 23.100000 90.000000 129 0.041442
4897 37.700001 23.100000 70.000000 140 0.038135
4892 37.700001 22.900000 70.000000 357 0.040299
5123 37.900002 22.900000 50.000000 259 0.042863
4671 37.500000 23.299999 90.000000 131 0.034560
4666 37.500000 23.100000 90.000000 76 0.040092
4667 37.500000 23.100000 70.000000 142 0.039158
4434 37.299999 22.900000 30.000000 67 0.047955
4906 37.700001 23.500000 90.000000 78 0.029622
4907 37.700001 23.500000 70.000000 35 0.019555
4912 37.700001 23.700001 70.000000 34 0.020880
4918 37.700001 23.900000 50.000000 83 0.025625
4923 37.700001 24.100000 50.000000 19 0.021061
3137 36.099998 26.299999 70.000000 74 0.030736
3138 36.099998 26.299999 50.000000 102 0.028075
3368 36.299999 26.299999 50.000000 120 0.021525
3369 36.299999 26.299999 30.000000 29 0.039270
3132 36.099998 26.100000 70.000000 74 0.030764
3133 36.099998 26.100000 50.000000 99 0.032400
3358 36.299999 25.900000 50.000000 133 0.028459
3359 36.299999 25.900000 30.000000 113 0.031687
3589 36.500000 25.900000 30.000000 148 0.023512
2673 35.700001 26.100000 50.000000 225 0.039878
2205 35.299999 25.700001 10.000000 330 0.040319
2933 35.900002 27.299999 50.000000 146 0.034531
5347 38.099998 22.700001 70.000000 155 0.042430
5342 38.099998 22.500000 70.000000 135 0.041735
5124 37.900002 22.900000 30.000000 111 0.067774
3187 36.099998 28.299999 70.000000 27 0.036842
3188 36.099998 28.299999 50.000000 42 0.043470
3183 36.099998 28.100000 50.000000 72 0.044203
3184 36.099998 28.100000 30.000000 66 0.055145
3418 36.299999 28.299999 50.000000 69 0.043846
3648 36.500000 28.299999 50.000000 84 0.036154
3649 36.500000 28.299999 30.000000 25 0.053950
3413 36.299999 28.100000 50.000000 109 0.041639
3635 36.500000 27.700001 10.000000 17 0.029447
3423 36.299999 28.500000 50.000000 45 0.041991
3653 36.500000 28.500000 50.000000 54 0.030528
3658 36.500000 28.700001 50.000000 25 0.028435
3659 36.500000 28.700001 30.000000 20 0.029318
3894 36.700001 28.900000 30.000000 16 0.030803
3404 36.299999 27.700001 30.000000 101 0.029224
3399 36.299999 27.500000 30.000000 40 0.021775
3400 36.299999 27.500000 10.000000 22 0.021855
3086 36.099998 24.299999 90.000000 34 0.033302
3087 36.099998 24.299999 70.000000 246 0.041199
2857 35.900002 24.299999 70.000000 78 0.049650
2852 35.900002 24.100000 70.000000 24 0.044428
2853 35.900002 24.100000 50.000000 310 0.049921
2623 35.700001 24.100000 50.000000 197 0.057864
2624 35.700001 24.100000 30.000000 181 0.062073
2389 35.500000 23.900000 30.000000 117 0.079699
3092 36.099998 24.500000 70.000000 213 0.041736
3322 36.299999 24.500000 70.000000 93 0.032036
3323 36.299999 24.500000 50.000000 132 0.040112
3328 36.299999 24.700001 50.000000 143 0.038482
3329 36.299999 24.700001 30.000000 42 0.045947
3559 36.500000 24.700001 30.000000 175 0.038059
3564 36.500000 24.900000 30.000000 133 0.029549
2862 35.900002 24.500000 70.000000 125 0.045038
2638 35.700001 24.700001 50.000000 260 0.043685
2415 35.500000 24.900000 10.000000 126 0.046419
3097 36.099998 24.700001 70.000000 112 0.044820
3098 36.099998 24.700001 50.000000 89 0.040633
3103 36.099998 24.900000 50.000000 74 0.043772
3333 36.299999 24.900000 50.000000 125 0.040684
3338 36.299999 25.100000 50.000000 81 0.041013
3339 36.299999 25.100000 30.000000 108 0.048287
3344 36.299999 25.299999 30.000000 113 0.047555
3345 36.299999 25.299999 10.000000 92 0.048950
3575 36.500000 25.299999 10.000000 65 0.049511
3327 36.299999 24.700001 70.000000 36 0.026815
3563 36.500000 24.900000 50.000000 103 0.028524
3558 36.500000 24.700001 50.000000 170 0.029406
3788 36.700001 24.700001 50.000000 127 0.029644
3793 36.700001 24.900000 50.000000 134 0.030408
3794 36.700001 24.900000 30.000000 177 0.031073
4024 36.900002 24.900000 30.000000 147 0.030144
4025 36.900002 24.900000 10.000000 59 0.024097
4030 36.900002 25.100000 10.000000 100 0.024628
4260 37.099998 25.100000 10.000000 229 0.022656
4029 36.900002 25.100000 30.000000 144 0.028430
4265 37.099998 25.299999 10.000000 130 0.020910
3798 36.700001 25.100000 50.000000 77 0.025891
4034 36.900002 25.299999 30.000000 197 0.025746
4035 36.900002 25.299999 10.000000 186 0.026954
3332 36.299999 24.900000 70.000000 20 0.032669
3574 36.500000 25.299999 30.000000 87 0.031725
3557 36.500000 24.700001 70.000000 23 0.027531
3787 36.700001 24.700001 70.000000 23 0.020110
4023 36.900002 24.900000 50.000000 52 0.022434
4028 36.900002 25.100000 50.000000 48 0.017785
4258 37.099998 25.100000 50.000000 24 0.018735
4259 37.099998 25.100000 30.000000 46 0.022859
4489 37.299999 25.100000 30.000000 27 0.020102
4494 37.299999 25.299999 30.000000 17 0.014042
4495 37.299999 25.299999 10.000000 17 0.022795
4725 37.500000 25.299999 10.000000 49 0.020302
3102 36.099998 24.900000 70.000000 53 0.038824
3337 36.299999 25.100000 70.000000 21 0.030924
3343 36.299999 25.299999 50.000000 60 0.034761
3353 36.299999 25.700001 50.000000 102 0.029174
3594 36.500000 26.100000 30.000000 74 0.032568
3595 36.500000 26.100000 10.000000 4 0.047554
3082 36.099998 24.100000 70.000000 157 0.043250
3312 36.299999 24.100000 70.000000 168 0.038059
3537 36.500000 23.900000 70.000000 124 0.040189
3767 36.700001 23.900000 70.000000 128 0.035233
3762 36.700001 23.700001 70.000000 186 0.034248
3763 36.700001 23.700001 50.000000 222 0.034592
3993 36.900002 23.700001 50.000000 253 0.034908
3988 36.900002 23.500000 50.000000 252 0.040422
3317 36.299999 24.299999 70.000000 140 0.038822
3542 36.500000 24.100000 70.000000 104 0.038016
3772 36.700001 24.100000 70.000000 49 0.028463
3998 36.900002 23.900000 50.000000 156 0.032292
4228 37.099998 23.900000 50.000000 199 0.029708
5140 37.900002 23.500000 10.000000 276 0.043609
5370 38.099998 23.500000 10.000000 84 0.032551
3173 36.099998 27.700001 50.000000 181 0.033625
3631 36.500000 27.700001 90.000000 74 0.016551
4629 37.500000 21.500000 30.000000 23 0.063975
4404 37.299999 21.700001 30.000000 19 0.064992
4399 37.299999 21.500000 30.000000 1 0.079331
4174 37.099998 21.700001 30.000000 4 0.056862
4175 37.099998 21.700001 10.000000 2 0.085300
3945 36.900002 21.700001 10.000000 2 0.085300
3824 36.700001 26.100000 30.000000 139 0.025029
2663 35.700001 25.700001 50.000000 176 0.041722
5126 37.900002 23.100000 90.000000 136 0.040330
5127 37.900002 23.100000 70.000000 49 0.037247
5122 37.900002 22.900000 70.000000 157 0.042953
5132 37.900002 23.299999 70.000000 42 0.024650
5137 37.900002 23.500000 70.000000 19 0.022198
3357 36.299999 25.900000 70.000000 45 0.023002
2429 35.500000 25.500000 30.000000 164 0.048999
2444 35.500000 26.100000 30.000000 144 0.049968
2689 35.700001 26.700001 30.000000 83 0.046683
2460 35.500000 26.700001 10.000000 17 0.022548
2913 35.900002 26.500000 50.000000 122 0.030627
2695 35.700001 26.900000 10.000000 33 0.049194
3142 36.099998 26.500000 70.000000 54 0.028004
3153 36.099998 26.900000 50.000000 77 0.021155
3164 36.099998 27.299999 30.000000 19 0.031058
3771 36.700001 24.100000 90.000000 118 0.028438
3777 36.700001 24.299999 70.000000 42 0.022639
4007 36.900002 24.299999 70.000000 31 0.016229
4008 36.900002 24.299999 50.000000 81 0.023451
4009 36.900002 24.299999 30.000000 86 0.032133
4244 37.099998 24.500000 30.000000 48 0.027226
3776 36.700001 24.299999 90.000000 54 0.026963
3782 36.700001 24.500000 70.000000 32 0.018864
3783 36.700001 24.500000 50.000000 128 0.032584
3789 36.700001 24.700001 30.000000 90 0.028087
3790 36.700001 24.700001 10.000000 29 0.020354
4012 36.900002 24.500000 70.000000 27 0.016825
4013 36.900002 24.500000 50.000000 57 0.024101
4018 36.900002 24.700001 50.000000 66 0.020825
4019 36.900002 24.700001 30.000000 83 0.026731
4255 37.099998 24.900000 10.000000 78 0.025231
3766 36.700001 23.900000 90.000000 111 0.037715
3757 36.700001 23.500000 70.000000 114 0.036767
3758 36.700001 23.500000 50.000000 327 0.038553
3753 36.700001 23.299999 50.000000 389 0.049201
3754 36.700001 23.299999 30.000000 152 0.039419
3750 36.700001 23.100000 10.000000 233 0.037187
4001 36.900002 24.100000 90.000000 59 0.029324
4002 36.900002 24.100000 70.000000 45 0.023661
4468 37.299999 24.299999 50.000000 53 0.021769
4469 37.299999 24.299999 30.000000 30 0.017205
4695 37.500000 24.100000 10.000000 15 0.029386
3541 36.500000 24.100000 90.000000 99 0.033129
3083 36.099998 24.100000 50.000000 175 0.042581
3078 36.099998 23.900000 50.000000 240 0.044203
2848 35.900002 23.900000 50.000000 299 0.055066
2618 35.700001 23.900000 50.000000 70 0.074538
2619 35.700001 23.900000 30.000000 169 0.069799
3761 36.700001 23.700001 90.000000 107 0.035835
3752 36.700001 23.299999 70.000000 78 0.048980
3748 36.700001 23.100000 50.000000 312 0.054989
3743 36.700001 22.900000 50.000000 84 0.058891
3739 36.700001 22.700001 30.000000 61 0.056903
3970 36.900002 22.700001 10.000000 10 0.051227
4017 36.900002 24.700001 70.000000 23 0.022213
4247 37.099998 24.700001 70.000000 21 0.019690
4248 37.099998 24.700001 50.000000 40 0.019963
4253 37.099998 24.900000 50.000000 38 0.019510
4483 37.299999 24.900000 50.000000 11 0.019030
4488 37.299999 25.100000 50.000000 13 0.017316
3792 36.700001 24.900000 70.000000 13 0.019726
3311 36.299999 24.100000 90.000000 17 0.037581
3088 36.099998 24.299999 50.000000 124 0.044142
2858 35.900002 24.299999 50.000000 242 0.046953
2628 35.700001 24.299999 50.000000 272 0.050114
2629 35.700001 24.299999 30.000000 148 0.053074
2634 35.700001 24.500000 30.000000 98 0.053171
2404 35.500000 24.500000 30.000000 203 0.061218
2405 35.500000 24.500000 10.000000 55 0.053185
4006 36.900002 24.299999 90.000000 29 0.028498
4237 37.099998 24.299999 70.000000 12 0.025757
4242 37.099998 24.500000 70.000000 15 0.020542
4243 37.099998 24.500000 50.000000 50 0.025902
4473 37.299999 24.500000 50.000000 37 0.024903
4478 37.299999 24.700001 50.000000 13 0.021408
4708 37.500000 24.700001 50.000000 10 0.029082
4709 37.500000 24.700001 30.000000 37 0.026486
4939 37.700001 24.700001 30.000000 27 0.027828
4944 37.700001 24.900000 30.000000 6 0.030296
4945 37.700001 24.900000 10.000000 28 0.028112
5175 37.900002 24.900000 10.000000 34 0.026168
4688 37.500000 23.900000 50.000000 105 0.029223
5149 37.900002 23.900000 30.000000 243 0.031217
5150 37.900002 23.900000 10.000000 297 0.032170
4452 37.299999 23.700001 70.000000 35 0.032895
3781 36.700001 24.500000 90.000000 19 0.023832
4033 36.900002 25.299999 50.000000 31 0.014699
4038 36.900002 25.500000 50.000000 55 0.014411
4660 37.500000 22.700001 10.000000 15 0.024484
5563 38.299999 22.100000 50.000000 323 0.071423
5564 38.299999 22.100000 30.000000 395 0.072132
5340 38.099998 22.299999 10.000000 175 0.048844
5345 38.099998 22.500000 10.000000 5 0.048129
5103 37.900002 22.100000 50.000000 190 0.069148
5098 37.900002 21.900000 50.000000 111 0.079757
4899 37.700001 23.100000 30.000000 127 0.052815
5129 37.900002 23.100000 30.000000 161 0.043653
5364 38.099998 23.299999 30.000000 199 0.040800
5365 38.099998 23.299999 10.000000 13 0.022887
5369 38.099998 23.500000 30.000000 221 0.040345
5374 38.099998 23.700001 30.000000 266 0.037257
4882 37.700001 22.500000 70.000000 81 0.051503
4657 37.500000 22.700001 70.000000 167 0.047016
5373 38.099998 23.700001 50.000000 17 0.037863
5378 38.099998 23.900000 50.000000 12 0.035557
5379 38.099998 23.900000 30.000000 28 0.032994
5384 38.099998 24.100000 30.000000 15 0.025043
5385 38.099998 24.100000 10.000000 16 0.024943
5390 38.099998 24.299999 10.000000 57 0.021852
4095 36.900002 27.700001 10.000000 17 0.030785
4325 37.099998 27.700001 10.000000 31 0.028148
3612 36.500000 26.900000 70.000000 29 0.033428
3619 36.500000 27.100000 30.000000 21 0.030302
3848 36.700001 27.100000 50.000000 29 0.029085
3387 36.299999 27.100000 70.000000 63 0.025941
1708 34.900002 24.299999 50.000000 8 0.074433
1939 35.099998 24.299999 30.000000 50 0.079254
1944 35.099998 24.500000 30.000000 39 0.060353
1945 35.099998 24.500000 10.000000 10 0.075995
1934 35.099998 24.100000 30.000000 41 0.075482
2164 35.299999 24.100000 30.000000 56 0.069259
2165 35.299999 24.100000 10.000000 32 0.078085
2160 35.299999 23.900000 10.000000 28 0.083860
1938 35.099998 24.299999 50.000000 35 0.075883
1949 35.099998 24.700001 30.000000 58 0.061282
2454 35.500000 26.500000 30.000000 149 0.044969
2439 35.500000 25.900000 30.000000 182 0.039750
2209 35.299999 25.900000 30.000000 210 0.044206
2194 35.299999 25.299999 30.000000 294 0.048207
2674 35.700001 26.100000 30.000000 8 0.065437
2669 35.700001 25.900000 30.000000 1 0.074826
2899 35.900002 25.900000 30.000000 6 0.054795
2894 35.900002 25.700001 30.000000 8 0.079111
3124 36.099998 25.700001 30.000000 53 0.046167
3119 36.099998 25.500000 30.000000 26 0.054778
3580 36.500000 25.500000 10.000000 59 0.047407
2684 35.700001 26.500000 30.000000 103 0.051383
2940 35.900002 27.500000 10.000000 10 0.060301
2945 35.900002 27.700001 10.000000 26 0.043779
2863 35.900002 24.500000 50.000000 201 0.044665
3093 36.099998 24.500000 50.000000 92 0.035195
3099 36.099998 24.700001 30.000000 7 0.027384
2868 35.900002 24.700001 50.000000 139 0.041773
3104 36.099998 24.900000 30.000000 19 0.054144
3109 36.099998 25.100000 30.000000 20 0.047433
2195 35.299999 25.299999 10.000000 207 0.040472
3334 36.299999 24.900000 30.000000 72 0.049096
5121 37.900002 22.900000 90.000000 83 0.046437
3737 36.700001 22.700001 70.000000 11 0.053700
3738 36.700001 22.700001 50.000000 34 0.052996
3735 36.700001 22.500000 10.000000 57 0.056073
3507 36.500000 22.700001 70.000000 6 0.040958
3508 36.500000 22.700001 50.000000 16 0.055810
3513 36.500000 22.900000 50.000000 77 0.058998
3283 36.299999 22.900000 50.000000 39 0.064271
3284 36.299999 22.900000 30.000000 82 0.073133
3285 36.299999 22.900000 10.000000 73 0.076029
3055 36.099998 22.900000 10.000000 171 0.048079
4440 37.299999 23.100000 10.000000 20 0.052596
4198 37.099998 22.700001 50.000000 243 0.053386
4193 37.099998 22.500000 50.000000 80 0.042768
4425 37.299999 22.500000 10.000000 144 0.061890
3967 36.900002 22.700001 70.000000 14 0.055422
3742 36.700001 22.900000 70.000000 16 0.059679
3972 36.900002 22.900000 70.000000 36 0.040748
4904 37.700001 23.299999 30.000000 126 0.041067
5135 37.900002 23.299999 10.000000 18 0.010230
4296 37.099998 26.700001 90.000000 13 0.012645
4526 37.299999 26.700001 90.000000 3 0.014936
4527 37.299999 26.700001 70.000000 10 0.012886
4532 37.299999 26.900000 70.000000 15 0.019438
4533 37.299999 26.900000 50.000000 28 0.020499
4763 37.500000 26.900000 50.000000 28 0.017567
4764 37.500000 26.900000 30.000000 94 0.028300
4994 37.700001 26.900000 30.000000 16 0.016292
4995 37.700001 26.900000 10.000000 120 0.029119
4301 37.099998 26.900000 90.000000 14 0.016008
4306 37.099998 27.100000 90.000000 12 0.014382
4537 37.299999 27.100000 70.000000 12 0.010120
4538 37.299999 27.100000 50.000000 56 0.026687
4768 37.500000 27.100000 50.000000 13 0.011999
4769 37.500000 27.100000 30.000000 78 0.029748
4770 37.500000 27.100000 10.000000 25 0.028027
4775 37.500000 27.299999 10.000000 19 0.026236
5005 37.700001 27.299999 10.000000 19 0.026236
4056 36.900002 26.299999 90.000000 24 0.012151
2927 35.900002 27.100000 70.000000 107 0.036703
2921 35.900002 26.900000 90.000000 15 0.028581
4081 36.900002 27.299999 90.000000 13 0.029786
4086 36.900002 27.500000 90.000000 13 0.019092
4091 36.900002 27.700001 90.000000 7 0.026736
3396 36.299999 27.500000 90.000000 38 0.038138
3636 36.500000 27.900000 90.000000 13 0.017020
4413 37.299999 22.100000 50.000000 18 0.059404
4409 37.299999 21.900000 30.000000 85 0.070442
4179 37.099998 21.900000 30.000000 22 0.046499
4408 37.299999 21.900000 50.000000 8 0.064399
4183 37.099998 22.100000 50.000000 13 0.047285
4178 37.099998 21.900000 50.000000 6 0.036527
3949 36.900002 21.900000 30.000000 19 0.061902
3960 36.900002 22.299999 10.000000 11 0.067787
1734 34.900002 25.299999 30.000000 6 0.067363
1725 34.900002 24.900000 10.000000 2 0.066798
1960 35.099998 25.100000 10.000000 19 0.061474
2914 35.900002 26.500000 30.000000 27 0.050509
3144 36.099998 26.500000 30.000000 15 0.040852
3374 36.299999 26.500000 30.000000 30 0.045219
3375 36.299999 26.500000 10.000000 9 0.047910
2679 35.700001 26.299999 30.000000 47 0.041474
2904 35.900002 26.100000 30.000000 26 0.030473
3129 36.099998 25.900000 30.000000 53 0.039443
3125 36.099998 25.700001 10.000000 4 0.035618
3355 36.299999 25.700001 10.000000 131 0.037397
2919 35.900002 26.700001 30.000000 10 0.046234
3154 36.099998 26.900000 30.000000 10 0.058050
3159 36.099998 27.100000 30.000000 11 0.038607
3389 36.299999 27.100000 30.000000 17 0.036936
3390 36.299999 27.100000 10.000000 5 0.049954
3395 36.299999 27.299999 10.000000 29 0.031185
2909 35.900002 26.299999 30.000000 43 0.038525
3134 36.099998 26.100000 30.000000 49 0.036218
3590 36.500000 25.900000 10.000000 24 0.023309
3364 36.299999 26.100000 30.000000 84 0.033760
3139 36.099998 26.299999 30.000000 32 0.046563
3825 36.700001 26.100000 10.000000 33 0.035457
3354 36.299999 25.700001 30.000000 124 0.038563
4320 37.099998 27.500000 10.000000 8 0.014472
4328 37.099998 27.900000 50.000000 26 0.043118
4329 37.099998 27.900000 30.000000 14 0.063061
4324 37.099998 27.700001 30.000000 34 0.045372
4554 37.299999 27.700001 30.000000 18 0.061007
4555 37.299999 27.700001 10.000000 11 0.061781
3041 36.099998 22.500000 90.000000 13 0.041132
3046 36.099998 22.700001 90.000000 15 0.043774
3047 36.099998 22.700001 70.000000 6 0.061491
3048 36.099998 22.700001 50.000000 4 0.083423
3053 36.099998 22.900000 50.000000 11 0.080272
3054 36.099998 22.900000 30.000000 9 0.087483
2817 35.900002 22.700001 70.000000 8 0.052725
2822 35.900002 22.900000 70.000000 12 0.044453
2823 35.900002 22.900000 50.000000 10 0.065318
2828 35.900002 23.100000 50.000000 9 0.079873
2829 35.900002 23.100000 30.000000 35 0.085653
2830 35.900002 23.100000 10.000000 10 0.069090
2835 35.900002 23.299999 10.000000 292 0.075452
2816 35.900002 22.700001 90.000000 15 0.040558
2821 35.900002 22.900000 90.000000 7 0.040459
2827 35.900002 23.100000 70.000000 8 0.038722
2597 35.700001 23.100000 70.000000 12 0.042440
2602 35.700001 23.299999 70.000000 9 0.036213
2603 35.700001 23.299999 50.000000 29 0.060032
2608 35.700001 23.500000 50.000000 28 0.053771
2378 35.500000 23.500000 50.000000 42 0.082255
2379 35.500000 23.500000 30.000000 109 0.086633
2384 35.500000 23.700001 30.000000 149 0.084279
2385 35.500000 23.700001 10.000000 119 0.076465
3276 36.299999 22.700001 90.000000 20 0.028942
3277 36.299999 22.700001 70.000000 5 0.043139
3512 36.500000 22.900000 70.000000 12 0.046685
3271 36.299999 22.500000 90.000000 8 0.033909
3272 36.299999 22.500000 70.000000 9 0.042032
3267 36.299999 22.299999 70.000000 4 0.029386
3497 36.500000 22.299999 70.000000 7 0.026769
3727 36.700001 22.299999 70.000000 5 0.034065
3722 36.700001 22.100000 70.000000 3 0.038946
3723 36.700001 22.100000 50.000000 10 0.028212
3953 36.900002 22.100000 50.000000 9 0.032009
3501 36.500000 22.500000 90.000000 4 0.026675
3502 36.500000 22.500000 70.000000 7 0.032227
3732 36.700001 22.500000 70.000000 4 0.040161
3962 36.900002 22.500000 70.000000 2 0.043832
4192 37.099998 22.500000 70.000000 7 0.019302
3051 36.099998 22.900000 90.000000 6 0.033335
3281 36.299999 22.900000 90.000000 12 0.022548
3286 36.299999 23.100000 90.000000 5 0.015395
3287 36.299999 23.100000 70.000000 6 0.041033
3522 36.500000 23.299999 70.000000 21 0.039669
3527 36.500000 23.500000 70.000000 74 0.037161
3768 36.700001 23.900000 50.000000 171 0.034889
4003 36.900002 24.100000 50.000000 117 0.027992
4004 36.900002 24.100000 30.000000 86 0.035517
4234 37.099998 24.100000 30.000000 50 0.031261
5337 38.099998 22.299999 70.000000 61 0.041439
5354 38.099998 22.900000 30.000000 43 0.034450
5359 38.099998 23.100000 30.000000 53 0.039826
5107 37.900002 22.299999 70.000000 51 0.044696
5363 38.099998 23.299999 50.000000 197 0.039359
4859 37.700001 21.500000 30.000000 47 0.069896
2687 35.700001 26.700001 70.000000 38 0.029275
4446 37.299999 23.500000 90.000000 90 0.030592
4447 37.299999 23.500000 70.000000 60 0.027261
4211 37.099998 23.299999 90.000000 53 0.033288
4441 37.299999 23.299999 90.000000 158 0.034252
2155 35.299999 23.700001 10.000000 48 0.093264
2150 35.299999 23.500000 10.000000 28 0.084325
2639 35.700001 24.700001 30.000000 74 0.041509
2869 35.900002 24.700001 30.000000 6 0.029893
3335 36.299999 24.900000 10.000000 2 0.071854
2874 35.900002 24.900000 30.000000 7 0.065720
3394 36.299999 27.299999 30.000000 28 0.028303
3148 36.099998 26.700001 50.000000 94 0.024207
3378 36.299999 26.700001 50.000000 69 0.022743
3373 36.299999 26.500000 50.000000 91 0.023007
2944 35.900002 27.700001 30.000000 51 0.042670
3383 36.299999 26.900000 50.000000 63 0.023084
3384 36.299999 26.900000 30.000000 12 0.035131
3614 36.500000 26.900000 30.000000 24 0.038535
3615 36.500000 26.900000 10.000000 7 0.061975
2224 35.299999 26.500000 30.000000 85 0.045689
3388 36.299999 27.100000 50.000000 61 0.020761
3393 36.299999 27.299999 50.000000 70 0.023147
3143 36.099998 26.500000 50.000000 107 0.024559
3128 36.099998 25.900000 50.000000 100 0.032192
3829 36.700001 26.299999 30.000000 33 0.022681
3849 36.700001 27.100000 30.000000 23 0.051901
4074 36.900002 26.900000 30.000000 5 0.019021
4075 36.900002 26.900000 10.000000 1 0.028087
4083 36.900002 27.299999 50.000000 50 0.027765
4314 37.099998 27.299999 30.000000 6 0.027218
4319 37.099998 27.500000 30.000000 10 0.039447
4278 37.099998 25.900000 50.000000 5 0.017827
4273 37.099998 25.700001 50.000000 12 0.011746
4504 37.299999 25.700001 30.000000 9 0.014596
4499 37.299999 25.500000 30.000000 17 0.017928
4500 37.299999 25.500000 10.000000 13 0.021502
4730 37.500000 25.500000 10.000000 16 0.014040
3879 36.700001 28.299999 30.000000 36 0.041675
4268 37.099998 25.500000 50.000000 12 0.018991
4263 37.099998 25.299999 50.000000 11 0.019815
4264 37.099998 25.299999 30.000000 58 0.019679
4490 37.299999 25.100000 10.000000 10 0.031676
4720 37.500000 25.100000 10.000000 10 0.026848
4715 37.500000 24.900000 10.000000 54 0.021896
2643 35.700001 24.900000 50.000000 194 0.045560
3494 36.500000 22.100000 30.000000 17 0.060935
3499 36.500000 22.299999 30.000000 22 0.062884
3500 36.500000 22.299999 10.000000 7 0.077084
3724 36.700001 22.100000 30.000000 19 0.057300
3719 36.700001 21.900000 30.000000 10 0.067204
3729 36.700001 22.299999 30.000000 11 0.057225
3730 36.700001 22.299999 10.000000 6 0.058025
4269 37.099998 25.500000 30.000000 28 0.016351
3419 36.299999 28.299999 30.000000 23 0.062242
3414 36.299999 28.100000 30.000000 107 0.047773
3654 36.500000 28.500000 30.000000 16 0.036579
3178 36.099998 27.900000 50.000000 108 0.042468
2943 35.900002 27.700001 50.000000 118 0.036740
2709 35.700001 27.500000 30.000000 76 0.043866
3850 36.700001 27.100000 10.000000 16 0.058422
4088 36.900002 27.500000 50.000000 75 0.026151
4309 37.099998 27.100000 30.000000 5 0.031789
4310 37.099998 27.100000 10.000000 4 0.029181
3609 36.500000 26.700001 30.000000 28 0.024285
3610 36.500000 26.700001 10.000000 15 0.018664
4318 37.099998 27.500000 50.000000 61 0.028662
4539 37.299999 27.100000 30.000000 60 0.030618
4765 37.500000 26.900000 10.000000 93 0.030318
2708 35.700001 27.500000 50.000000 42 0.034905
2703 35.700001 27.299999 50.000000 40 0.038418
2698 35.700001 27.100000 50.000000 149 0.045243
2468 35.500000 27.100000 50.000000 33 0.041332
2463 35.500000 26.900000 50.000000 39 0.041397
2229 35.299999 26.700001 30.000000 28 0.047158
2225 35.299999 26.500000 10.000000 14 0.044983
4308 37.099998 27.100000 50.000000 31 0.026579
4534 37.299999 26.900000 30.000000 15 0.028642
4529 37.299999 26.700001 30.000000 20 0.022620
4759 37.500000 26.700001 30.000000 28 0.022945
4754 37.500000 26.500000 30.000000 15 0.015629
4755 37.500000 26.500000 10.000000 10 0.013919
4750 37.500000 26.299999 10.000000 18 0.010019
4980 37.700001 26.299999 10.000000 24 0.012057
4323 37.099998 27.700001 50.000000 48 0.039516
4548 37.299999 27.500000 50.000000 38 0.032824
4778 37.500000 27.500000 50.000000 9 0.026701
4773 37.500000 27.299999 50.000000 23 0.022685
5003 37.700001 27.299999 50.000000 10 0.024063
5004 37.700001 27.299999 30.000000 9 0.026701
4999 37.700001 27.100000 30.000000 12 0.021225
5229 37.900002 27.100000 30.000000 14 0.020257
5230 37.900002 27.100000 10.000000 9 0.026701
5225 37.900002 26.900000 10.000000 20 0.016229
5455 38.099998 26.900000 10.000000 19 0.016681
3532 36.500000 23.700001 70.000000 150 0.039100
3528 36.500000 23.500000 50.000000 506 0.039347
3523 36.500000 23.299999 50.000000 481 0.053016
3293 36.299999 23.299999 50.000000 635 0.051346
3294 36.299999 23.299999 30.000000 302 0.051597
3289 36.299999 23.100000 30.000000 259 0.053541
3290 36.299999 23.100000 10.000000 213 0.062338
3060 36.099998 23.100000 10.000000 191 0.053017
3773 36.700001 24.100000 50.000000 141 0.032667
4219 37.099998 23.500000 30.000000 41 0.038130
4214 37.099998 23.299999 30.000000 153 0.058591
3778 36.700001 24.299999 50.000000 104 0.033818
4223 37.099998 23.700001 50.000000 256 0.035195
3307 36.299999 23.900000 70.000000 102 0.044110
3308 36.299999 23.900000 50.000000 406 0.040092
3551 36.500000 24.500000 90.000000 31 0.024258
3556 36.500000 24.700001 90.000000 28 0.036530
3562 36.500000 24.900000 70.000000 11 0.021950
3786 36.700001 24.700001 90.000000 6 0.022431
3321 36.299999 24.500000 90.000000 35 0.034047
3326 36.299999 24.700001 90.000000 44 0.037644
2867 35.900002 24.700001 70.000000 123 0.047155
2644 35.700001 24.900000 30.000000 28 0.053235
3546 36.500000 24.299999 90.000000 55 0.037043
3983 36.900002 23.299999 50.000000 309 0.048518
3984 36.900002 23.299999 30.000000 132 0.057979
4210 37.099998 23.100000 10.000000 6 0.028057
5088 37.900002 21.500000 50.000000 30 0.057492
5093 37.900002 21.700001 50.000000 42 0.061473
5330 38.099998 21.900000 10.000000 78 0.063811
2877 35.900002 25.100000 70.000000 83 0.042303
2878 35.900002 25.100000 50.000000 56 0.041313
2883 35.900002 25.299999 50.000000 41 0.038777
3113 36.099998 25.299999 50.000000 43 0.033797
3114 36.099998 25.299999 30.000000 20 0.052569
3108 36.099998 25.100000 50.000000 45 0.040238
2882 35.900002 25.299999 70.000000 60 0.037230
3107 36.099998 25.100000 70.000000 35 0.048429
3112 36.099998 25.299999 70.000000 23 0.032992
3118 36.099998 25.500000 50.000000 44 0.033176
2649 35.700001 25.100000 30.000000 17 0.058170
2879 35.900002 25.100000 30.000000 5 0.047576
2884 35.900002 25.299999 30.000000 14 0.048348
5573 38.299999 22.500000 50.000000 194 0.039700
5578 38.299999 22.700001 50.000000 69 0.042112
5583 38.299999 22.900000 50.000000 85 0.033141
4195 37.099998 22.500000 10.000000 7 0.060167
5588 38.299999 23.100000 50.000000 27 0.036431
5593 38.299999 23.299999 50.000000 9 0.034406
5368 38.099998 23.500000 50.000000 44 0.033769
3974 36.900002 22.900000 30.000000 325 0.055213
3975 36.900002 22.900000 10.000000 274 0.055121
4197 37.099998 22.700001 70.000000 48 0.043316
4202 37.099998 22.900000 70.000000 91 0.042147
4678 37.500000 23.500000 50.000000 182 0.038067
4679 37.500000 23.500000 30.000000 86 0.046495
4229 37.099998 23.900000 30.000000 15 0.040325
3518 36.500000 23.100000 50.000000 240 0.056522
3063 36.099998 23.299999 50.000000 650 0.051736
3068 36.099998 23.500000 50.000000 961 0.048350
2838 35.900002 23.500000 50.000000 86 0.075428
2843 35.900002 23.700001 50.000000 249 0.063945
2844 35.900002 23.700001 30.000000 154 0.069156
2614 35.700001 23.700001 30.000000 114 0.075205
3172 36.099998 27.700001 70.000000 42 0.027378
3833 36.700001 26.500000 50.000000 60 0.019324
4686 37.500000 23.900000 90.000000 79 0.026803
4916 37.700001 23.900000 90.000000 32 0.026978
4917 37.700001 23.900000 70.000000 23 0.025706
4691 37.500000 24.100000 90.000000 61 0.021261
4692 37.500000 24.100000 70.000000 14 0.016586
4693 37.500000 24.100000 50.000000 58 0.025248
4698 37.500000 24.299999 50.000000 28 0.020471
4929 37.700001 24.299999 30.000000 42 0.021646
4681 37.500000 23.700001 90.000000 70 0.031422
4676 37.500000 23.500000 90.000000 104 0.034159
4677 37.500000 23.500000 70.000000 41 0.029635
4461 37.299999 24.100000 90.000000 53 0.024729
4466 37.299999 24.299999 90.000000 19 0.020511
4467 37.299999 24.299999 70.000000 9 0.014446
4474 37.299999 24.500000 30.000000 19 0.018823
4911 37.700001 23.700001 90.000000 39 0.028135
5142 37.900002 23.700001 70.000000 13 0.023885
4921 37.700001 24.100000 90.000000 19 0.025397
4922 37.700001 24.100000 70.000000 11 0.020512
5152 37.900002 24.100000 70.000000 4 0.017932
5157 37.900002 24.299999 70.000000 2 0.005081
5158 37.900002 24.299999 50.000000 5 0.015343
5159 37.900002 24.299999 30.000000 37 0.021411
5389 38.099998 24.299999 30.000000 3 0.005203
4696 37.500000 24.299999 90.000000 14 0.012247
4701 37.500000 24.500000 90.000000 9 0.009519
4702 37.500000 24.500000 70.000000 11 0.014695
4703 37.500000 24.500000 50.000000 34 0.024246
4714 37.500000 24.900000 30.000000 14 0.022676
4926 37.700001 24.299999 90.000000 2 0.010798
4931 37.700001 24.500000 90.000000 1 0.014110
4932 37.700001 24.500000 70.000000 3 0.014970
4933 37.700001 24.500000 50.000000 5 0.014521
4938 37.700001 24.700001 50.000000 4 0.017477
5174 37.900002 24.900000 30.000000 1 0.014110
4451 37.299999 23.700001 90.000000 55 0.030902
4471 37.299999 24.500000 90.000000 11 0.017623
4472 37.299999 24.500000 70.000000 7 0.014746
4477 37.299999 24.700001 70.000000 16 0.018503
4254 37.099998 24.900000 30.000000 67 0.022543
4662 37.500000 22.900000 70.000000 209 0.045953
4706 37.500000 24.700001 90.000000 6 0.010506
4707 37.500000 24.700001 70.000000 4 0.012153
4712 37.500000 24.900000 70.000000 2 0.008799
4713 37.500000 24.900000 50.000000 2 -0.000651
4718 37.500000 25.100000 50.000000 3 0.021800
4719 37.500000 25.100000 30.000000 12 0.026082
4724 37.500000 25.299999 30.000000 10 0.019761
4236 37.099998 24.299999 90.000000 19 0.030588
4241 37.099998 24.500000 90.000000 33 0.023844
4476 37.299999 24.700001 90.000000 15 0.013822
4252 37.099998 24.900000 70.000000 11 0.020707
4206 37.099998 23.100000 90.000000 14 0.038376
4482 37.299999 24.900000 70.000000 7 0.028473
4487 37.299999 25.100000 70.000000 7 0.020397
4246 37.099998 24.700001 90.000000 10 0.022846
4022 36.900002 24.900000 70.000000 16 0.026193
4456 37.299999 23.900000 90.000000 47 0.029827
3986 36.900002 23.500000 90.000000 54 0.034018
3756 36.700001 23.500000 90.000000 12 0.038530
3519 36.500000 23.100000 30.000000 261 0.045371
4891 37.700001 22.900000 90.000000 33 0.035725
4436 37.299999 23.100000 90.000000 63 0.034938
4431 37.299999 22.900000 90.000000 16 0.022793
4432 37.299999 22.900000 70.000000 124 0.037382
4427 37.299999 22.700001 70.000000 74 0.037405
4422 37.299999 22.500000 70.000000 12 0.026553
4661 37.500000 22.900000 90.000000 27 0.037173
4656 37.500000 22.700001 90.000000 7 0.042807
4652 37.500000 22.500000 70.000000 40 0.053286
4481 37.299999 24.900000 90.000000 14 0.016124
4251 37.099998 24.900000 90.000000 17 0.014519
4256 37.099998 25.100000 90.000000 32 0.015997
4257 37.099998 25.100000 70.000000 9 0.015056
4262 37.099998 25.299999 70.000000 4 0.012157
4201 37.099998 22.900000 90.000000 7 0.037252
4196 37.099998 22.700001 90.000000 2 0.014125
3273 36.299999 22.500000 50.000000 9 0.045580
3274 36.299999 22.500000 30.000000 4 0.063555
3278 36.299999 22.700001 50.000000 11 0.045043
3279 36.299999 22.700001 30.000000 54 0.070669
3268 36.299999 22.299999 50.000000 3 0.040850
3498 36.500000 22.299999 50.000000 12 0.030360
3725 36.700001 22.100000 10.000000 9 0.058937
2948 35.900002 27.900000 50.000000 65 0.035701
3064 36.099998 23.299999 30.000000 302 0.063462
3059 36.099998 23.100000 30.000000 154 0.055398
3298 36.299999 23.500000 50.000000 982 0.042636
3520 36.500000 23.100000 10.000000 154 0.040659
3515 36.500000 22.900000 10.000000 115 0.037155
3288 36.299999 23.100000 50.000000 128 0.055894
3514 36.500000 22.900000 30.000000 81 0.066835
3740 36.700001 22.700001 10.000000 44 0.061215
3303 36.299999 23.700001 50.000000 557 0.039562
3313 36.299999 24.100000 50.000000 252 0.039846
3543 36.500000 24.100000 50.000000 270 0.036538
3548 36.500000 24.299999 50.000000 255 0.038315
3549 36.500000 24.299999 30.000000 139 0.050549
3554 36.500000 24.500000 30.000000 124 0.051780
3560 36.500000 24.700001 10.000000 65 0.048764
3533 36.500000 23.700001 50.000000 312 0.035249
3538 36.500000 23.900000 50.000000 274 0.034499
3774 36.700001 24.100000 30.000000 114 0.046511
4459 37.299999 23.900000 30.000000 82 0.031041
4690 37.500000 23.900000 10.000000 66 0.028914
3553 36.500000 24.500000 50.000000 178 0.035959
3318 36.299999 24.299999 50.000000 120 0.042947
4249 37.099998 24.700001 30.000000 53 0.021231
4479 37.299999 24.700001 30.000000 38 0.022998
4480 37.299999 24.700001 10.000000 25 0.023940
4485 37.299999 24.900000 10.000000 29 0.024576
3073 36.099998 23.700001 50.000000 290 0.050192
4704 37.500000 24.500000 30.000000 33 0.024829
4940 37.700001 24.700001 10.000000 23 0.027630
2400 35.500000 24.299999 10.000000 195 0.062851
2170 35.299999 24.299999 10.000000 38 0.065459
3784 36.700001 24.500000 30.000000 72 0.035887
3299 36.299999 23.500000 30.000000 224 0.052066
3295 36.299999 23.299999 10.000000 38 0.042817
3524 36.500000 23.299999 30.000000 222 0.043093
3069 36.099998 23.500000 30.000000 145 0.055199
3074 36.099998 23.700001 30.000000 49 0.052339
2620 35.700001 23.900000 10.000000 115 0.067662
3529 36.500000 23.500000 30.000000 78 0.041831
3759 36.700001 23.500000 30.000000 34 0.048763
4215 37.099998 23.299999 10.000000 36 0.068877
3534 36.500000 23.700001 30.000000 15 0.035985
3764 36.700001 23.700001 30.000000 16 0.047334
3994 36.900002 23.700001 30.000000 11 0.047632
4224 37.099998 23.700001 30.000000 11 0.045520
4454 37.299999 23.700001 30.000000 36 0.049974
2613 35.700001 23.700001 50.000000 33 0.069171
3509 36.500000 22.700001 30.000000 85 0.066023
2393 35.500000 24.100000 50.000000 32 0.059348
2168 35.299999 24.299999 50.000000 41 0.063542
2169 35.299999 24.299999 30.000000 45 0.070006
2174 35.299999 24.500000 30.000000 52 0.057803
5160 37.900002 24.299999 10.000000 35 0.022145
3062 36.099998 23.299999 70.000000 117 0.039278
3058 36.099998 23.100000 50.000000 10 0.075596
3067 36.099998 23.500000 70.000000 69 0.035501
3297 36.299999 23.500000 70.000000 68 0.032901
3292 36.299999 23.299999 70.000000 70 0.040998
3302 36.299999 23.700001 70.000000 75 0.040700
3072 36.099998 23.700001 70.000000 35 0.046367
2842 35.900002 23.700001 70.000000 4 0.043575
2410 35.500000 24.700001 10.000000 93 0.054640
4014 36.900002 24.500000 30.000000 37 0.026686
3340 36.299999 25.100000 10.000000 13 0.057714
3503 36.500000 22.500000 50.000000 8 0.043921
3510 36.500000 22.700001 10.000000 62 0.067598
3161 36.099998 27.299999 90.000000 4 0.021530
2926 35.900002 27.100000 90.000000 2 0.030357
3401 36.299999 27.700001 90.000000 7 0.033622
3065 36.099998 23.299999 10.000000 80 0.069724
2849 35.900002 23.900000 30.000000 131 0.058407
3304 36.299999 23.700001 30.000000 41 0.043873
3309 36.299999 23.900000 30.000000 33 0.049609
3314 36.299999 24.100000 30.000000 32 0.052334
3544 36.500000 24.100000 30.000000 80 0.048370
3079 36.099998 23.900000 30.000000 27 0.042336
2854 35.900002 24.100000 30.000000 61 0.055893
2859 35.900002 24.299999 30.000000 12 0.028324
3539 36.500000 23.900000 30.000000 62 0.044986
4087 36.900002 27.500000 70.000000 29 0.021822
4542 37.299999 27.299999 70.000000 4 0.006832
4774 37.500000 27.299999 30.000000 34 0.033031
3871 36.700001 28.100000 90.000000 3 0.034981
4113 36.900002 28.500000 50.000000 23 0.038687
4114 36.900002 28.500000 30.000000 41 0.030557
3779 36.700001 24.299999 30.000000 88 0.048204
3769 36.700001 23.900000 30.000000 37 0.052739
4010 36.900002 24.299999 10.000000 18 0.036554
2834 35.900002 23.299999 30.000000 127 0.078018
3182 36.099998 28.100000 70.000000 55 0.031590
3417 36.299999 28.299999 70.000000 22 0.025651
3412 36.299999 28.100000 70.000000 34 0.024291
3407 36.299999 27.900000 70.000000 46 0.025527
2839 35.900002 23.500000 30.000000 88 0.056249
2840 35.900002 23.500000 10.000000 73 0.057192
3177 36.099998 27.900000 70.000000 54 0.027921
3127 36.099998 25.900000 70.000000 43 0.031363
3123 36.099998 25.700001 50.000000 71 0.031697
2908 35.900002 26.299999 50.000000 107 0.033427
2193 35.299999 25.299999 50.000000 59 0.064192
3377 36.299999 26.700001 70.000000 14 0.027790
2183 35.299999 24.900000 50.000000 21 0.068827
2178 35.299999 24.700001 50.000000 23 0.056624
1948 35.099998 24.700001 50.000000 9 0.054654
1943 35.099998 24.500000 50.000000 26 0.060723
2469 35.500000 27.100000 30.000000 38 0.045344
2474 35.500000 27.299999 30.000000 13 0.055483
4102 36.900002 28.100000 70.000000 57 0.038171
4553 37.299999 27.700001 50.000000 14 0.035501
4779 37.500000 27.500000 30.000000 5 0.062596
4327 37.099998 27.900000 70.000000 8 0.028588
3989 36.900002 23.500000 30.000000 9 0.055246
2903 35.900002 26.100000 50.000000 73 0.035815
2898 35.900002 25.900000 50.000000 76 0.031494
3379 36.299999 26.700001 30.000000 15 0.032889
4288 37.099998 26.299999 50.000000 9 0.021140
4289 37.099998 26.299999 30.000000 4 0.011916
4519 37.299999 26.299999 30.000000 8 0.013976
4749 37.500000 26.299999 30.000000 14 0.010727
4063 36.900002 26.500000 50.000000 24 0.017853
4293 37.099998 26.500000 50.000000 10 0.021081
4298 37.099998 26.700001 50.000000 14 0.024666
4528 37.299999 26.700001 50.000000 18 0.017847
4760 37.500000 26.700001 10.000000 6 0.025004
4990 37.700001 26.700001 10.000000 8 0.029742
3832 36.700001 26.500000 70.000000 63 0.014666
2615 35.700001 23.700001 10.000000 33 0.050259
4322 37.099998 27.700001 70.000000 8 0.027381
4036 36.900002 25.500000 90.000000 25 0.019425
4037 36.900002 25.500000 70.000000 12 0.013020
3806 36.700001 25.500000 90.000000 22 0.019390
3802 36.700001 25.299999 70.000000 22 0.015355
4267 37.099998 25.500000 70.000000 1 0.073491
4041 36.900002 25.700001 90.000000 8 0.018226
4042 36.900002 25.700001 70.000000 30 0.012518
4031 36.900002 25.299999 90.000000 38 0.011974
4032 36.900002 25.299999 70.000000 20 0.009688
3812 36.700001 25.700001 70.000000 32 0.013679
4027 36.900002 25.100000 70.000000 15 0.010700
4266 37.099998 25.500000 90.000000 1 0.049208
4496 37.299999 25.500000 90.000000 1 0.049208
4497 37.299999 25.500000 70.000000 1 0.049208
4498 37.299999 25.500000 50.000000 4 0.018037
4493 37.299999 25.299999 50.000000 6 0.016993
4261 37.099998 25.299999 90.000000 12 0.014236
4484 37.299999 24.900000 30.000000 26 0.022753
3811 36.700001 25.700001 90.000000 14 0.016312
3830 36.700001 26.299999 10.000000 1 -0.001880
4026 36.900002 25.100000 90.000000 28 0.012015
4491 37.299999 25.299999 90.000000 3 0.018099
4486 37.299999 25.100000 90.000000 5 0.027083
4716 37.500000 25.100000 90.000000 1 0.029640
4717 37.500000 25.100000 70.000000 1 0.029640
4948 37.700001 25.100000 50.000000 1 0.029640
4949 37.700001 25.100000 30.000000 2 0.017491
4705 37.500000 24.500000 10.000000 4 0.018028
4711 37.500000 24.900000 90.000000 3 0.018600
4937 37.700001 24.700001 70.000000 3 0.018600
5168 37.900002 24.700001 50.000000 1 0.023095
5163 37.900002 24.500000 50.000000 5 0.021390
5164 37.900002 24.500000 30.000000 7 0.021240
5165 37.900002 24.500000 10.000000 3 0.018600
5395 38.099998 24.500000 10.000000 3 0.018600
3801 36.700001 25.299999 90.000000 58 0.018829
3571 36.500000 25.299999 90.000000 38 0.027708
3111 36.099998 25.299999 90.000000 54 0.038849
3106 36.099998 25.100000 90.000000 69 0.041072
3367 36.299999 26.299999 70.000000 35 0.025941
3838 36.700001 26.700001 50.000000 50 0.028456
3839 36.700001 26.700001 30.000000 10 0.024799
4080 36.900002 27.100000 10.000000 3 0.026035
2872 35.900002 24.900000 70.000000 78 0.041806
5806 38.500000 22.700001 90.000000 7 0.035625
5576 38.299999 22.700001 90.000000 33 0.030144
5577 38.299999 22.700001 70.000000 51 0.041389
5571 38.299999 22.500000 90.000000 5 0.044340
5572 38.299999 22.500000 70.000000 49 0.039665
5581 38.299999 22.900000 90.000000 34 0.031757
5582 38.299999 22.900000 70.000000 24 0.036567
5587 38.299999 23.100000 70.000000 12 0.015166
5352 38.099998 22.900000 70.000000 91 0.044409
5811 38.500000 22.900000 90.000000 1 0.016993
5357 38.099998 23.100000 70.000000 34 0.031033
5362 38.099998 23.299999 70.000000 26 0.027709
5346 38.099998 22.700001 90.000000 42 0.031592
4302 37.099998 26.900000 70.000000 12 0.020158
1494 34.700001 24.900000 30.000000 2 0.072725
4767 37.500000 27.100000 70.000000 3 0.006760
4993 37.700001 26.900000 50.000000 6 0.006832
5224 37.900002 26.900000 30.000000 11 0.007661
2243 35.299999 27.299999 50.000000 2 0.026904
2238 35.299999 27.100000 50.000000 2 0.044174
2239 35.299999 27.100000 30.000000 7 0.051878
2240 35.299999 27.100000 10.000000 2 0.026904
2235 35.299999 26.900000 10.000000 2 0.026904
2223 35.299999 26.500000 50.000000 9 0.044213
2203 35.299999 25.700001 50.000000 59 0.049435
3647 36.500000 28.299999 70.000000 14 0.025631
3888 36.700001 28.700001 50.000000 4 0.026055
3536 36.500000 23.900000 90.000000 29 0.029893
3547 36.500000 24.299999 70.000000 51 0.034267
3552 36.500000 24.500000 70.000000 30 0.026631
3747 36.700001 23.100000 70.000000 17 0.063373
2208 35.299999 25.900000 50.000000 58 0.052503
1984 35.099998 26.100000 30.000000 28 0.048897
2888 35.900002 25.500000 50.000000 50 0.035159
3999 36.900002 23.900000 30.000000 25 0.044285
3428 36.299999 28.700001 50.000000 18 0.042140
3880 36.700001 28.299999 10.000000 6 0.061069
3189 36.099998 28.299999 30.000000 16 0.053984
3122 36.099998 25.700001 70.000000 21 0.035137
2681 35.700001 26.500000 90.000000 9 0.029442
2671 35.700001 26.100000 90.000000 20 0.044326
4880 37.700001 22.299999 10.000000 7 0.081855
2952 35.900002 28.100000 70.000000 19 0.028590
2953 35.900002 28.100000 50.000000 16 0.040698
2949 35.900002 27.900000 30.000000 20 0.051519
2950 35.900002 27.900000 10.000000 9 0.055288
2947 35.900002 27.900000 70.000000 17 0.025115
2713 35.700001 27.700001 50.000000 33 0.040280
2942 35.900002 27.700001 70.000000 15 0.024662
2712 35.700001 27.700001 70.000000 4 0.046841
2473 35.500000 27.299999 50.000000 22 0.036748
2233 35.299999 26.900000 50.000000 8 0.044234
2228 35.299999 26.700001 50.000000 18 0.042430
4470 37.299999 24.299999 10.000000 11 0.017771
3324 36.299999 24.500000 30.000000 40 0.053108
4015 36.900002 24.500000 10.000000 21 0.030089
2692 35.700001 26.900000 70.000000 12 0.025565
2686 35.700001 26.700001 90.000000 1 0.030368
2932 35.900002 27.299999 70.000000 37 0.026819
2437 35.500000 25.900000 70.000000 26 0.037051
4518 37.299999 26.299999 50.000000 1 0.023356
2893 35.900002 25.700001 50.000000 54 0.038499
3370 36.299999 26.299999 10.000000 1 0.063152
4283 37.099998 26.100000 50.000000 9 0.020535
4107 36.900002 28.299999 70.000000 11 0.038090
5000 37.700001 27.100000 10.000000 8 0.026178
4332 37.099998 28.100000 70.000000 1 0.036161
4558 37.299999 27.900000 50.000000 2 0.028707
4783 37.500000 27.700001 50.000000 2 0.028707
2937 35.900002 27.500000 70.000000 14 0.029861
2707 35.700001 27.500000 70.000000 4 0.025663
2234 35.299999 26.900000 30.000000 2 0.073630
1995 35.099998 26.500000 10.000000 6 0.060741
3149 36.099998 26.700001 30.000000 8 0.043671
2247 35.299999 27.500000 70.000000 7 0.041932
2248 35.299999 27.500000 50.000000 2 0.041571
2244 35.299999 27.299999 30.000000 3 0.060927
2477 35.500000 27.500000 70.000000 5 0.046166
2478 35.500000 27.500000 50.000000 6 0.043026
2483 35.500000 27.700001 50.000000 3 0.082961
2714 35.700001 27.700001 30.000000 18 0.052838
2482 35.500000 27.700001 70.000000 3 0.039579
2252 35.299999 27.700001 70.000000 1 0.016777
2487 35.500000 27.900000 70.000000 4 0.035784
2717 35.700001 27.900000 70.000000 4 0.031865
2718 35.700001 27.900000 50.000000 13 0.043272
2719 35.700001 27.900000 30.000000 8 0.075833
2710 35.700001 27.500000 10.000000 4 0.073106
3185 36.099998 28.100000 10.000000 89 0.049577
2954 35.900002 28.100000 30.000000 7 0.082449
3319 36.299999 24.299999 30.000000 29 0.053434
5097 37.900002 21.900000 70.000000 21 0.061102
5328 38.099998 21.900000 50.000000 408 0.070206
5329 38.099998 21.900000 30.000000 245 0.074613
5110 37.900002 22.299999 10.000000 439 0.057660
5102 37.900002 22.100000 70.000000 25 0.038079
4082 36.900002 27.299999 70.000000 16 0.035221
4279 37.099998 25.900000 30.000000 8 0.018222
4062 36.900002 26.500000 70.000000 7 0.014573
2889 35.900002 25.500000 30.000000 10 0.050015
3120 36.099998 25.500000 10.000000 4 0.060817
2262 35.299999 28.100000 70.000000 6 0.057790
2492 35.500000 28.100000 70.000000 5 0.061903
2493 35.500000 28.100000 50.000000 2 0.091579
2488 35.500000 27.900000 50.000000 3 0.077879
2479 35.500000 27.500000 30.000000 3 0.081261
2475 35.500000 27.299999 10.000000 56 0.041853
2257 35.299999 27.900000 70.000000 1 0.037225
2258 35.299999 27.900000 50.000000 1 0.037225
2253 35.299999 27.700001 50.000000 1 0.037225
2470 35.500000 27.100000 10.000000 249 0.048096
2723 35.700001 28.100000 50.000000 2 0.122731
4710 37.500000 24.700001 10.000000 14 0.017852
3193 36.099998 28.500000 50.000000 12 0.043143
3429 36.299999 28.700001 30.000000 2 0.046037
3664 36.500000 28.900000 30.000000 5 0.045450
2963 35.900002 28.500000 50.000000 9 0.034610
2958 35.900002 28.299999 50.000000 12 0.052022
4297 37.099998 26.700001 70.000000 9 0.012219
4758 37.500000 26.700001 50.000000 7 0.014251
2452 35.500000 26.500000 70.000000 6 0.028636
2173 35.299999 24.500000 50.000000 41 0.060327
1953 35.099998 24.900000 50.000000 6 0.059531
4645 37.500000 22.100000 10.000000 9 0.099250
3101 36.099998 24.900000 90.000000 41 0.035829
3336 36.299999 25.100000 90.000000 70 0.038296
3567 36.500000 25.100000 70.000000 11 0.012114
3331 36.299999 24.900000 90.000000 45 0.034688
2873 35.900002 24.900000 50.000000 86 0.041395
3420 36.299999 28.299999 10.000000 3 0.112476
4785 37.500000 27.700001 10.000000 4 0.051970
4523 37.299999 26.500000 50.000000 8 0.009321
4524 37.299999 26.500000 30.000000 4 0.007653
1704 34.900002 24.100000 30.000000 17 0.111913
5147 37.900002 23.900000 70.000000 11 0.033019
5148 37.900002 23.900000 50.000000 31 0.026909
5153 37.900002 24.100000 50.000000 7 0.018072
5154 37.900002 24.100000 30.000000 18 0.015697
4682 37.500000 23.700001 70.000000 31 0.027567
4687 37.500000 23.900000 70.000000 28 0.027865
4697 37.500000 24.299999 70.000000 11 0.013668
4927 37.700001 24.299999 70.000000 3 0.005835
4928 37.700001 24.299999 50.000000 10 0.014815
4934 37.700001 24.500000 30.000000 6 0.015638
5169 37.900002 24.700001 30.000000 4 0.016777
5170 37.900002 24.700001 10.000000 5 0.017693
1994 35.099998 26.500000 30.000000 4 0.078338
4046 36.900002 25.900000 90.000000 12 0.013510
4250 37.099998 24.700001 10.000000 4 0.015586
2959 35.900002 28.299999 30.000000 2 0.089965
2847 35.900002 23.900000 70.000000 11 0.047282
3077 36.099998 23.900000 70.000000 56 0.039727
4334 37.099998 28.100000 30.000000 1 0.088294
3840 36.700001 26.700001 10.000000 3 0.015339
3835 36.700001 26.500000 10.000000 3 0.015339
2935 35.900002 27.299999 10.000000 1 0.035161
4059 36.900002 26.299999 30.000000 12 0.018216
4522 37.299999 26.500000 70.000000 5 0.009475
4753 37.500000 26.500000 50.000000 5 0.018057
4061 36.900002 26.500000 90.000000 13 0.012201
4286 37.099998 26.299999 90.000000 4 0.011801
4281 37.099998 26.100000 90.000000 5 0.021174
4282 37.099998 26.100000 70.000000 4 0.007497
4277 37.099998 25.900000 70.000000 5 0.011021
4507 37.299999 25.900000 70.000000 3 0.008215
4508 37.299999 25.900000 50.000000 4 0.008954
4503 37.299999 25.700001 50.000000 7 0.011404
4729 37.500000 25.500000 30.000000 4 0.006313
4276 37.099998 25.900000 90.000000 3 0.028608
4272 37.099998 25.700001 70.000000 1 0.016274
4502 37.299999 25.700001 70.000000 2 0.011650
4011 36.900002 24.500000 90.000000 27 0.026756
4016 36.900002 24.700001 90.000000 9 0.026119
4021 36.900002 24.900000 90.000000 11 0.011623
3797 36.700001 25.100000 70.000000 11 0.023537
4231 37.099998 24.100000 90.000000 41 0.027278
4226 37.099998 23.900000 90.000000 70 0.036069
3091 36.099998 24.500000 90.000000 13 0.045739
3096 36.099998 24.700001 90.000000 33 0.043054
5592 38.299999 23.299999 70.000000 4 0.011673
5351 38.099998 22.900000 90.000000 125 0.040586
5341 38.099998 22.500000 90.000000 8 0.021222
5356 38.099998 23.100000 90.000000 42 0.031086
4877 37.700001 22.299999 70.000000 8 0.041090
5586 38.299999 23.100000 90.000000 3 0.016850
5597 38.299999 23.500000 70.000000 1 0.001870
5367 38.099998 23.500000 70.000000 5 0.017826
4475 37.299999 24.500000 10.000000 3 0.011598
5591 38.299999 23.299999 90.000000 1 0.025371
5361 38.099998 23.299999 90.000000 13 0.032766
5372 38.099998 23.700001 70.000000 2 0.052658
5377 38.099998 23.900000 70.000000 3 0.040249
5383 38.099998 24.100000 50.000000 2 0.022500
5388 38.099998 24.299999 50.000000 1 0.025371
4998 37.700001 27.100000 50.000000 4 0.008910
4333 37.099998 28.100000 50.000000 4 0.036588
4559 37.299999 27.900000 30.000000 1 0.053751
4985 37.700001 26.500000 10.000000 6 0.018172
4069 36.900002 26.700001 30.000000 3 0.034661
4064 36.900002 26.500000 30.000000 2 0.041785
4060 36.900002 26.299999 10.000000 2 0.041785
3360 36.299999 25.900000 10.000000 55 0.027506
3422 36.299999 28.500000 70.000000 1 0.020536
3791 36.700001 24.900000 90.000000 10 0.023039
3796 36.700001 25.100000 90.000000 11 0.016706
3561 36.500000 24.900000 90.000000 13 0.035236
3566 36.500000 25.100000 90.000000 15 0.034312
3834 36.700001 26.500000 30.000000 9 0.023978
4299 37.099998 26.700001 30.000000 7 0.029698
4300 37.099998 26.700001 10.000000 1 0.022189
3855 36.700001 27.299999 10.000000 2 0.029462
4545 37.299999 27.299999 10.000000 1 0.042219
3424 36.299999 28.500000 30.000000 2 0.082178
4294 37.099998 26.500000 30.000000 1 0.004609
3130 36.099998 25.900000 10.000000 4 0.043270
3365 36.299999 26.100000 10.000000 7 0.035528
3316 36.299999 24.299999 90.000000 36 0.038123
4462 37.299999 24.100000 70.000000 12 0.018989
4020 36.900002 24.700001 10.000000 4 0.025691
4339 37.099998 28.299999 30.000000 1 0.036267
3531 36.500000 23.700001 90.000000 24 0.040222
3301 36.299999 23.700001 90.000000 3 0.037620
2856 35.900002 24.299999 90.000000 15 0.045804
2866 35.900002 24.700001 90.000000 3 0.041497
3576 36.500000 25.500000 90.000000 21 0.022592
3718 36.700001 21.900000 50.000000 4 0.069160
3488 36.500000 21.900000 50.000000 1 0.068437
3489 36.500000 21.900000 30.000000 7 0.074252
3948 36.900002 21.900000 50.000000 2 0.057061
4867 37.700001 21.900000 70.000000 7 0.052137
4872 37.700001 22.100000 70.000000 7 0.037537
4450 37.299999 23.500000 10.000000 1 0.040015
1940 35.099998 24.299999 10.000000 1 0.146790
1715 34.900002 24.500000 10.000000 2 0.108420
3650 36.500000 28.299999 10.000000 2 0.058015
5008 37.700001 27.500000 50.000000 1 0.021253
5234 37.900002 27.299999 30.000000 1 0.021253
4292 37.099998 26.500000 70.000000 5 0.014545
1469 34.700001 23.900000 30.000000 3 0.075863
1474 34.700001 24.100000 30.000000 2 0.101772
1699 34.900002 23.900000 30.000000 10 0.087480
2864 35.900002 24.500000 30.000000 5 0.016289
3094 36.099998 24.500000 30.000000 10 0.044114
3330 36.299999 24.700001 10.000000 1 0.024045
4552 37.299999 27.700001 70.000000 2 0.026753
2154 35.299999 23.700001 30.000000 73 0.083100
1924 35.099998 23.700001 30.000000 18 0.099273
1929 35.099998 23.900000 30.000000 30 0.101845
1930 35.099998 23.900000 10.000000 8 0.112019
1700 34.900002 23.900000 10.000000 16 0.098039
2159 35.299999 23.900000 30.000000 55 0.079025
4190 37.099998 22.299999 10.000000 7 0.070897
2604 35.700001 23.299999 30.000000 72 0.098835
2609 35.700001 23.500000 30.000000 30 0.076274
3084 36.099998 24.100000 30.000000 13 0.038584
3089 36.099998 24.299999 30.000000 10 0.040995
3117 36.099998 25.500000 70.000000 9 0.038235
1730 34.900002 25.100000 10.000000 1 0.097124
2654 35.700001 25.299999 30.000000 12 0.057940
4311 37.099998 27.299999 90.000000 2 0.028857
3405 36.299999 27.700001 10.000000 1 0.020653
3785 36.700001 24.500000 10.000000 179 0.054224
4723 37.500000 25.299999 50.000000 2 0.013606
4950 37.700001 25.100000 10.000000 1 0.005341
3526 36.500000 23.500000 90.000000 4 0.025058
3751 36.700001 23.299999 90.000000 3 0.054707
2702 35.700001 27.299999 70.000000 5 0.027538
5131 37.900002 23.299999 90.000000 54 0.032235
3039 36.099998 22.299999 30.000000 4 0.095584
3269 36.299999 22.299999 30.000000 4 0.083780
3275 36.299999 22.500000 10.000000 2 0.085559
3044 36.099998 22.500000 30.000000 2 0.053752
3049 36.099998 22.700001 30.000000 1 0.060545
3050 36.099998 22.700001 10.000000 1 0.060545
3264 36.299999 22.100000 30.000000 1 0.082881
3495 36.500000 22.100000 10.000000 1 0.082881
5155 37.900002 24.100000 10.000000 3 0.016876
4536 37.299999 27.100000 90.000000 1 -0.001076
3980 36.900002 23.100000 10.000000 10 0.037608
4513 37.299999 26.100000 50.000000 1 0.017588
4509 37.299999 25.900000 30.000000 1 0.017588
3780 36.700001 24.299999 10.000000 156 0.054188
4271 37.099998 25.700001 90.000000 1 0.062524
4511 37.299999 26.100000 90.000000 1 0.062524
4516 37.299999 26.299999 90.000000 1 0.062524
4517 37.299999 26.299999 70.000000 1 0.062524
4747 37.500000 26.299999 70.000000 1 0.062524
4752 37.500000 26.500000 70.000000 1 0.062524
4989 37.700001 26.700001 30.000000 3 0.035612
2871 35.900002 24.900000 90.000000 11 0.046492
4284 37.099998 26.100000 30.000000 6 0.022235
4317 37.099998 27.500000 70.000000 3 0.009497
3944 36.900002 21.700001 30.000000 2 0.059370
1933 35.099998 24.100000 50.000000 13 0.073639
5318 38.099998 21.500000 50.000000 25 0.052272
5323 38.099998 21.700001 50.000000 48 0.056496
5324 38.099998 21.700001 30.000000 132 0.079877
4173 37.099998 21.700001 50.000000 2 0.019306
3166 36.099998 27.500000 90.000000 4 0.020416
3171 36.099998 27.700001 90.000000 1 0.038821
5136 37.900002 23.500000 90.000000 32 0.034726
5141 37.900002 23.700001 90.000000 16 0.039067
4531 37.299999 26.900000 90.000000 2 0.005582
4291 37.099998 26.500000 90.000000 5 0.009628
4748 37.500000 26.299999 50.000000 2 0.002824
2610 35.700001 23.500000 10.000000 6 0.080731
2380 35.500000 23.500000 10.000000 24 0.064363
4514 37.299999 26.100000 30.000000 2 0.013575
4910 37.700001 23.500000 10.000000 30 0.041163
2374 35.500000 23.299999 30.000000 85 0.099061
2420 35.500000 25.100000 10.000000 43 0.061059
4762 37.500000 26.900000 70.000000 3 0.006904
4287 37.099998 26.299999 70.000000 1 -0.001818
4512 37.299999 26.100000 70.000000 1 -0.001818
2833 35.900002 23.299999 50.000000 5 0.070378
3493 36.500000 22.100000 50.000000 2 0.040833
4105 36.900002 28.100000 10.000000 1 0.047901
5146 37.900002 23.900000 90.000000 12 0.039703
5156 37.900002 24.299999 90.000000 1 0.007486
3981 36.900002 23.299999 90.000000 28 0.039926
3976 36.900002 23.100000 90.000000 5 0.023354
3506 36.500000 22.700001 90.000000 7 0.039969
2826 35.900002 23.100000 90.000000 4 0.032803
2598 35.700001 23.100000 50.000000 8 0.064971
3056 36.099998 23.100000 90.000000 7 0.049856
2832 35.900002 23.299999 70.000000 3 0.044026
3736 36.700001 22.700001 90.000000 2 0.040400
3731 36.700001 22.500000 90.000000 1 0.044185
3957 36.900002 22.299999 70.000000 1 0.044185
3291 36.299999 23.299999 90.000000 2 0.017817
3521 36.500000 23.299999 90.000000 4 0.025447
3516 36.500000 23.100000 90.000000 2 0.012098
3966 36.900002 22.700001 90.000000 1 0.034859
3296 36.299999 23.500000 90.000000 2 0.032317
3511 36.500000 22.900000 90.000000 4 0.024160
3746 36.700001 23.100000 90.000000 2 0.019471
3741 36.700001 22.900000 90.000000 3 0.040751
3971 36.900002 22.900000 90.000000 8 0.043744
4521 37.299999 26.500000 90.000000 1 0.011642
4757 37.500000 26.700001 70.000000 1 0.001665
4492 37.299999 25.299999 70.000000 2 0.012328
4936 37.700001 24.700001 90.000000 2 0.016352
2861 35.900002 24.500000 90.000000 6 0.045422
2627 35.700001 24.299999 70.000000 8 0.051569
5569 38.299999 22.299999 30.000000 228 0.048178
2425 35.500000 25.299999 10.000000 14 0.047262
2163 35.299999 24.100000 50.000000 19 0.071233
2388 35.500000 23.900000 50.000000 11 0.071083
2383 35.500000 23.700001 50.000000 19 0.072570
3555 36.500000 24.500000 10.000000 44 0.060320
5125 37.900002 22.900000 10.000000 144 0.063940
5355 38.099998 22.900000 10.000000 226 0.065574
5095 37.900002 21.700001 10.000000 160 0.071158
5325 38.099998 21.700001 10.000000 134 0.077851
5320 38.099998 21.500000 10.000000 144 0.074760
4420 37.299999 22.299999 10.000000 172 0.070840
5130 37.900002 23.100000 10.000000 51 0.045184
5349 38.099998 22.700001 30.000000 97 0.064364
5350 38.099998 22.700001 10.000000 69 0.073089
5090 37.900002 21.500000 10.000000 27 0.069656
4915 37.700001 23.700001 10.000000 131 0.047106
2144 35.299999 23.299999 30.000000 70 0.086481
2149 35.299999 23.500000 30.000000 77 0.086839
2210 35.299999 25.900000 10.000000 49 0.042147
5565 38.299999 22.100000 10.000000 526 0.061263
5560 38.299999 21.900000 10.000000 289 0.055403
5570 38.299999 22.299999 10.000000 93 0.049677
5795 38.500000 22.100000 10.000000 242 0.057680
5794 38.500000 22.100000 30.000000 120 0.057448
5790 38.500000 21.900000 10.000000 172 0.076678
5558 38.299999 21.900000 50.000000 167 0.065244
5553 38.299999 21.700001 50.000000 62 0.048909
5554 38.299999 21.700001 30.000000 133 0.066035
5549 38.299999 21.500000 30.000000 55 0.048951
5779 38.500000 21.500000 30.000000 64 0.048412
5774 38.500000 21.299999 30.000000 57 0.048353
5775 38.500000 21.299999 10.000000 59 0.048204
6005 38.700001 21.299999 10.000000 7 0.033635
6000 38.700001 21.100000 10.000000 55 0.046972
3550 36.500000 24.299999 10.000000 58 0.055030
2426 35.500000 25.500000 90.000000 1 0.067705
2192 35.299999 25.299999 70.000000 2 0.053213
2697 35.700001 27.100000 70.000000 5 0.027491
5584 38.299999 22.900000 30.000000 79 0.029261
5814 38.500000 22.900000 30.000000 147 0.032469
5815 38.500000 22.900000 10.000000 152 0.032644
6045 38.700001 22.900000 10.000000 158 0.032278
5770 38.500000 21.100000 10.000000 52 0.050166
5574 38.299999 22.500000 30.000000 147 0.042838
4886 37.700001 22.700001 90.000000 4 0.036538
5804 38.500000 22.500000 30.000000 42 0.034025
5809 38.500000 22.700001 30.000000 66 0.036028
5788 38.500000 21.900000 50.000000 32 0.072362
5789 38.500000 21.900000 30.000000 130 0.090473
6019 38.700001 21.900000 30.000000 40 0.075892
6020 38.700001 21.900000 10.000000 41 0.073183
6250 38.900002 21.900000 10.000000 43 0.075675
3775 36.700001 24.100000 10.000000 25 0.060476
5360 38.099998 23.100000 10.000000 6 0.022543
5116 37.900002 22.700001 90.000000 8 0.031201
5111 37.900002 22.500000 90.000000 4 0.022772
5575 38.299999 22.500000 10.000000 114 0.046631
5805 38.500000 22.500000 10.000000 114 0.046631
5559 38.299999 21.900000 30.000000 151 0.085085
5784 38.500000 21.700001 30.000000 106 0.059660
5785 38.500000 21.700001 10.000000 89 0.058539
5780 38.500000 21.500000 10.000000 98 0.057147
6010 38.700001 21.500000 10.000000 98 0.056959
4900 37.700001 23.100000 10.000000 45 0.057369
2588 35.700001 22.700001 50.000000 3 0.079898
2593 35.700001 22.900000 50.000000 7 0.077443
2594 35.700001 22.900000 30.000000 2 0.085888
2599 35.700001 23.100000 30.000000 20 0.088133
2373 35.500000 23.299999 50.000000 34 0.086548
5089 37.900002 21.500000 30.000000 37 0.070418
5793 38.500000 22.100000 50.000000 24 0.065516
3115 36.099998 25.299999 10.000000 2 0.067964
5579 38.299999 22.700001 30.000000 56 0.041939
5580 38.299999 22.700001 10.000000 19 0.039137
1935 35.099998 24.100000 10.000000 15 0.074041
5332 38.099998 22.100000 70.000000 34 0.051095
5562 38.299999 22.100000 70.000000 4 0.026673
4870 37.700001 21.900000 10.000000 21 0.096346
4865 37.700001 21.700001 10.000000 35 0.102051
5783 38.500000 21.700001 50.000000 5 0.047695
2153 35.299999 23.700001 50.000000 14 0.081794
2158 35.299999 23.900000 50.000000 12 0.072014
3517 36.500000 23.100000 70.000000 3 0.041538
6024 38.700001 22.100000 30.000000 11 0.062796
5818 38.500000 23.100000 50.000000 19 0.039794
5819 38.500000 23.100000 30.000000 15 0.030577
5820 38.500000 23.100000 10.000000 15 0.030577
6050 38.700001 23.100000 10.000000 15 0.030577
5366 38.099998 23.500000 90.000000 6 0.035509
5596 38.299999 23.500000 90.000000 1 0.036136
5601 38.299999 23.700001 90.000000 2 0.027257
5602 38.299999 23.700001 70.000000 1 0.036136
5607 38.299999 23.900000 70.000000 1 0.036136
5837 38.500000 23.900000 70.000000 2 0.027257
5838 38.500000 23.900000 50.000000 2 0.027257
5843 38.500000 24.100000 50.000000 3 0.025864
6073 38.700001 24.100000 50.000000 1 0.036136
6078 38.700001 24.299999 50.000000 1 0.036136
6079 38.700001 24.299999 30.000000 4 0.030817
6084 38.700001 24.500000 30.000000 1 0.036136
6085 38.700001 24.500000 10.000000 1 0.036136
6315 38.900002 24.500000 10.000000 4 0.030817
5567 38.299999 22.299999 70.000000 18 0.050156
5798 38.500000 22.299999 50.000000 18 0.034868
5799 38.500000 22.299999 30.000000 19 0.031335
1979 35.099998 25.900000 30.000000 40 0.047592
2811 35.900002 22.500000 90.000000 4 0.037378
3057 36.099998 23.100000 70.000000 4 0.054792
3266 36.299999 22.299999 90.000000 1 0.040575
2596 35.700001 23.100000 90.000000 3 0.038754
2607 35.700001 23.500000 70.000000 2 0.036660
2612 35.700001 23.700001 70.000000 3 0.038022
2617 35.700001 23.900000 70.000000 2 0.036373
2387 35.500000 23.900000 70.000000 2 0.037357
5823 38.500000 23.299999 50.000000 19 0.041473
5828 38.500000 23.500000 50.000000 21 0.038742
5833 38.500000 23.700001 50.000000 4 0.020286
6063 38.700001 23.700001 50.000000 3 0.029044
6068 38.700001 23.900000 50.000000 3 0.029044
6069 38.700001 23.900000 30.000000 3 0.029044
6074 38.700001 24.100000 30.000000 3 0.029044
6309 38.900002 24.299999 30.000000 3 0.029044
6310 38.900002 24.299999 10.000000 3 0.029044
4860 37.700001 21.500000 10.000000 2 0.089228
5319 38.099998 21.500000 30.000000 8 0.057308
5550 38.299999 21.500000 10.000000 3 0.062806
5084 37.900002 21.299999 30.000000 27 0.068102
5314 38.099998 21.299999 30.000000 9 0.061166
5544 38.299999 21.299999 30.000000 3 0.048703
5545 38.299999 21.299999 10.000000 1 0.047198
2605 35.700001 23.299999 10.000000 47 0.109923
5589 38.299999 23.100000 30.000000 12 0.031619
5803 38.500000 22.500000 50.000000 16 0.037658
6028 38.700001 22.299999 50.000000 5 0.052821
6023 38.700001 22.100000 50.000000 5 0.052821
6249 38.900002 21.900000 30.000000 5 0.052821
2625 35.700001 24.100000 10.000000 55 0.058717
2837 35.900002 23.500000 70.000000 5 0.051749
3282 36.299999 22.900000 70.000000 2 0.039471
1974 35.099998 25.700001 30.000000 11 0.052933
1975 35.099998 25.700001 10.000000 14 0.056775
2957 35.900002 28.299999 70.000000 2 0.038755
3545 36.500000 24.100000 10.000000 3 0.035910
5808 38.500000 22.700001 50.000000 3 0.033433
5548 38.299999 21.500000 50.000000 6 0.051611
5543 38.299999 21.299999 50.000000 2 0.066931
5538 38.299999 21.100000 50.000000 1 0.076876
5539 38.299999 21.100000 30.000000 2 0.066931
5534 38.299999 20.900000 30.000000 2 0.066931
5304 38.099998 20.900000 30.000000 26 0.049852
5305 38.099998 20.900000 10.000000 22 0.048077
5300 38.099998 20.700001 10.000000 27 0.050116
5295 38.099998 20.500000 10.000000 27 0.050116
5813 38.500000 22.900000 50.000000 10 0.042238
5327 38.099998 21.900000 70.000000 8 0.031260
5322 38.099998 21.700001 70.000000 3 0.014474
5313 38.099998 21.299999 50.000000 19 0.053023
5308 38.099998 21.100000 50.000000 8 0.019075
5309 38.099998 21.100000 30.000000 17 0.042038
4854 37.700001 21.299999 30.000000 15 0.067765
5085 37.900002 21.299999 10.000000 1 0.065286
5079 37.900002 21.100000 30.000000 30 0.067249
5074 37.900002 20.900000 30.000000 16 0.074894
2187 35.299999 25.100000 70.000000 9 0.053865
2182 35.299999 24.900000 70.000000 3 0.070701
2407 35.500000 24.700001 70.000000 5 0.041579
5812 38.500000 22.900000 70.000000 1 0.028809
5792 38.500000 22.100000 70.000000 1 0.049319
4628 37.500000 21.500000 50.000000 15 0.066160
4630 37.500000 21.500000 10.000000 1 0.166702
4858 37.700001 21.500000 50.000000 32 0.070621
4633 37.500000 21.700001 50.000000 13 0.070837
4623 37.500000 21.299999 50.000000 1 0.064063
4853 37.700001 21.299999 50.000000 11 0.071208
4848 37.700001 21.100000 50.000000 2 0.061809
5078 37.900002 21.100000 50.000000 8 0.047949
5299 38.099998 20.700001 30.000000 4 0.059612
5083 37.900002 21.299999 50.000000 18 0.059760
5810 38.500000 22.700001 10.000000 4 0.034745
6014 38.700001 21.700001 30.000000 2 0.074996
6015 38.700001 21.700001 10.000000 2 0.074996
6245 38.900002 21.700001 10.000000 2 0.074996
2659 35.700001 25.500000 30.000000 5 0.076184
2430 35.500000 25.500000 10.000000 1 0.072331
1962 35.099998 25.299999 70.000000 4 0.072683
1963 35.099998 25.299999 50.000000 6 0.083067
1969 35.099998 25.500000 30.000000 4 0.083453
1958 35.099998 25.100000 50.000000 3 0.077838
5376 38.099998 23.900000 90.000000 2 0.047687
5371 38.099998 23.700001 90.000000 5 0.047756
3042 36.099998 22.500000 70.000000 2 0.047099
3043 36.099998 22.500000 50.000000 3 0.044761
2824 35.900002 22.900000 30.000000 3 0.102397
2392 35.500000 24.100000 70.000000 6 0.079250
2397 35.500000 24.299999 70.000000 11 0.061240
1983 35.099998 26.100000 50.000000 1 0.048018
2587 35.700001 22.700001 70.000000 5 0.055444
2818 35.900002 22.700001 50.000000 2 0.078936
5336 38.099998 22.299999 90.000000 1 0.018014
1989 35.099998 26.299999 30.000000 3 0.069181
2362 35.500000 22.900000 70.000000 3 0.093819
2363 35.500000 22.900000 50.000000 4 0.105147
2368 35.500000 23.100000 50.000000 6 0.101478
2148 35.299999 23.500000 50.000000 16 0.086811
1923 35.099998 23.700001 50.000000 13 0.078269
3061 36.099998 23.299999 90.000000 1 0.062548
2831 35.900002 23.299999 90.000000 1 0.062548
4426 37.299999 22.700001 90.000000 2 0.044998
4647 37.500000 22.299999 70.000000 4 0.030948
1980 35.099998 25.900000 10.000000 49 0.047408
1918 35.099998 23.500000 50.000000 8 0.081535
1693 34.900002 23.700001 50.000000 1 0.072353
1694 34.900002 23.700001 30.000000 2 0.076477
1907 35.099998 23.100000 70.000000 5 0.100332
1912 35.099998 23.299999 70.000000 3 0.106305
2142 35.299999 23.299999 70.000000 3 0.082309
2143 35.299999 23.299999 50.000000 11 0.084575
1913 35.099998 23.299999 50.000000 5 0.090194
2137 35.299999 23.100000 70.000000 2 0.091371
1917 35.099998 23.500000 70.000000 1 0.093091
2367 35.500000 23.100000 70.000000 4 0.062446
1919 35.099998 23.500000 30.000000 5 0.093791
1908 35.099998 23.100000 50.000000 8 0.089431
1914 35.099998 23.299999 30.000000 5 0.096757
1920 35.099998 23.500000 10.000000 1 0.119324
2138 35.299999 23.100000 50.000000 7 0.098689
1928 35.099998 23.900000 50.000000 4 0.078118
2139 35.299999 23.100000 30.000000 47 0.089337
2369 35.500000 23.100000 30.000000 22 0.096615
1909 35.099998 23.100000 30.000000 10 0.093404
5829 38.500000 23.500000 30.000000 18 0.043951
5834 38.500000 23.700001 30.000000 33 0.038829
5839 38.500000 23.900000 30.000000 41 0.037141
5840 38.500000 23.900000 10.000000 39 0.037996
6070 38.700001 23.900000 10.000000 20 0.040836
6075 38.700001 24.100000 10.000000 46 0.035546
1925 35.099998 23.700001 10.000000 1 0.203795
5598 38.299999 23.500000 50.000000 19 0.033632
5599 38.299999 23.500000 30.000000 4 0.043593
5603 38.299999 23.700001 50.000000 14 0.032515
5604 38.299999 23.700001 30.000000 15 0.034876
5845 38.500000 24.100000 10.000000 26 0.031477
2467 35.500000 27.100000 70.000000 7 0.040874
2462 35.500000 26.900000 70.000000 5 0.036601
2232 35.299999 26.900000 70.000000 1 0.047709
2457 35.500000 26.700001 70.000000 3 0.043831
2472 35.500000 27.299999 70.000000 1 0.032195
2227 35.299999 26.700001 70.000000 1 0.045685
2441 35.500000 26.100000 90.000000 2 0.055661
2212 35.299999 26.100000 70.000000 1 0.077733
2446 35.500000 26.299999 90.000000 1 0.041322
5151 37.900002 24.100000 90.000000 3 0.025727
5381 38.099998 24.100000 90.000000 1 0.023078
5611 38.299999 24.100000 90.000000 1 0.023078
5612 38.299999 24.100000 70.000000 1 0.023078
5613 38.299999 24.100000 50.000000 2 0.021353
5844 38.500000 24.100000 30.000000 7 0.021896
4403 37.299999 21.700001 50.000000 6 0.062853
2156 35.299999 23.900000 90.000000 4 0.079676
2157 35.299999 23.900000 70.000000 4 0.079676
1927 35.099998 23.900000 70.000000 1 0.065224
2162 35.299999 24.100000 70.000000 1 0.045354
5609 38.299999 23.900000 30.000000 10 0.029268
5075 37.900002 20.900000 10.000000 8 0.086709
5070 37.900002 20.700001 10.000000 8 0.086709
2728 35.700001 28.299999 50.000000 2 0.127247
2484 35.500000 27.700001 30.000000 1 0.113393
5608 38.299999 23.900000 50.000000 3 0.022473
5614 38.299999 24.100000 30.000000 3 0.023623
5535 38.299999 20.900000 10.000000 1 0.056985
5530 38.299999 20.700001 10.000000 1 0.056985
4849 37.700001 21.100000 30.000000 17 0.069324
4844 37.700001 20.900000 30.000000 1 0.112893
2402 35.500000 24.500000 70.000000 12 0.069443
4850 37.700001 21.100000 10.000000 16 0.066601
4845 37.700001 20.900000 10.000000 16 0.066601
2630 35.700001 24.299999 10.000000 1 0.031944
2145 35.299999 23.299999 10.000000 3 0.118902
6058 38.700001 23.500000 50.000000 1 0.031592
2357 35.500000 22.700001 70.000000 2 0.031677
2582 35.700001 22.500000 70.000000 1 0.010501
2812 35.900002 22.500000 70.000000 1 0.010501
2813 35.900002 22.500000 50.000000 1 0.010501
3038 36.099998 22.299999 50.000000 1 0.010501
2354 35.500000 22.500000 30.000000 1 0.046959
2584 35.700001 22.500000 30.000000 1 0.046959
2814 35.900002 22.500000 30.000000 1 0.046959
5382 38.099998 24.100000 70.000000 1 0.019628
5802 38.500000 22.500000 70.000000 3 0.053348
4417 37.299999 22.299999 70.000000 1 0.006892
2133 35.299999 22.900000 50.000000 3 0.108704
2600 35.700001 23.100000 10.000000 1 0.093992
5807 38.500000 22.700001 70.000000 2 0.063946
2586 35.700001 22.700001 90.000000 8 0.049147
2592 35.700001 22.900000 70.000000 9 0.047338
2591 35.700001 22.900000 90.000000 12 0.049632
3052 36.099998 22.900000 70.000000 1 0.074393
2361 35.500000 22.900000 90.000000 1 0.034597
2366 35.500000 23.100000 90.000000 1 0.034597
2372 35.500000 23.299999 70.000000 2 0.038655
2377 35.500000 23.500000 70.000000 1 0.042713
2382 35.500000 23.700001 70.000000 1 0.042713
2622 35.700001 24.100000 70.000000 3 0.041137
6254 38.900002 22.100000 30.000000 1 0.068348
5557 38.299999 21.900000 70.000000 1 0.012766
2167 35.299999 24.299999 70.000000 1 0.107333
4624 37.500000 21.299999 30.000000 1 0.037429
4619 37.500000 21.100000 30.000000 1 0.037429
4642 37.500000 22.100000 70.000000 1 0.057041
2197 35.299999 25.500000 70.000000 9 0.077489
5606 38.299999 23.900000 90.000000 1 0.018378
5836 38.500000 23.900000 90.000000 1 0.018378
