3637 36.500000 27.900000 70.000000 105 0.086394
3638 36.500000 27.900000 50.000000 186 0.097276
3639 36.500000 27.900000 30.000000 109 0.094626
3644 36.500000 28.100000 30.000000 85 0.130082
3645 36.500000 28.100000 10.000000 76 0.114885
3415 36.299999 28.100000 10.000000 345 0.116661
3632 36.500000 27.700001 70.000000 144 0.082062
3633 36.500000 27.700001 50.000000 159 0.087721
3863 36.700001 27.700001 50.000000 137 0.091445
3864 36.700001 27.700001 30.000000 84 0.101128
3865 36.700001 27.700001 10.000000 43 0.100375
3860 36.700001 27.500000 10.000000 96 0.115664
3868 36.700001 27.900000 50.000000 137 0.100911
3869 36.700001 27.900000 30.000000 98 0.095440
3874 36.700001 28.100000 30.000000 50 0.130161
3875 36.700001 28.100000 10.000000 116 0.103488
3408 36.299999 27.900000 50.000000 199 0.108462
3409 36.299999 27.900000 30.000000 188 0.108877
3179 36.099998 27.900000 30.000000 140 0.127606
3180 36.099998 27.900000 10.000000 232 0.106275
4098 36.900002 27.900000 50.000000 95 0.095550
4099 36.900002 27.900000 30.000000 38 0.124617
4100 36.900002 27.900000 10.000000 24 0.116887
4330 37.099998 27.900000 10.000000 62 0.110224
3642 36.500000 28.100000 70.000000 43 0.094204
3643 36.500000 28.100000 50.000000 155 0.113510
3873 36.700001 28.100000 50.000000 162 0.105908
3878 36.700001 28.299999 50.000000 132 0.075248
3883 36.700001 28.500000 50.000000 122 0.070215
3884 36.700001 28.500000 30.000000 104 0.068718
3889 36.700001 28.700001 30.000000 104 0.068551
3890 36.700001 28.700001 10.000000 46 0.073482
3895 36.700001 28.900000 10.000000 50 0.084930
4125 36.900002 28.900000 10.000000 136 0.071079
3402 36.299999 27.700001 70.000000 116 0.090227
3403 36.299999 27.700001 50.000000 221 0.093738
3398 36.299999 27.500000 50.000000 154 0.089073
3168 36.099998 27.500000 50.000000 225 0.083808
2938 35.900002 27.500000 50.000000 141 0.087439
2939 35.900002 27.500000 30.000000 106 0.096270
2934 35.900002 27.299999 30.000000 97 0.097630
2704 35.700001 27.299999 30.000000 143 0.097706
2705 35.700001 27.299999 10.000000 136 0.097158
2700 35.700001 27.100000 10.000000 285 0.099424
3958 36.900002 22.299999 50.000000 22 0.111332
3963 36.900002 22.500000 50.000000 44 0.104347
3964 36.900002 22.500000 30.000000 62 0.124223
3965 36.900002 22.500000 10.000000 101 0.139922
3728 36.700001 22.299999 50.000000 11 0.118419
3733 36.700001 22.500000 50.000000 19 0.110124
3734 36.700001 22.500000 30.000000 17 0.132485
3504 36.500000 22.500000 30.000000 11 0.151563
3505 36.500000 22.500000 10.000000 87 0.140646
3959 36.900002 22.299999 30.000000 49 0.110891
3954 36.900002 22.100000 30.000000 56 0.119813
3955 36.900002 22.100000 10.000000 31 0.101530
3950 36.900002 21.900000 10.000000 43 0.121306
3720 36.700001 21.900000 10.000000 45 0.135361
4194 37.099998 22.500000 30.000000 74 0.121478
4199 37.099998 22.700001 30.000000 134 0.111200
4200 37.099998 22.700001 10.000000 42 0.148712
4205 37.099998 22.900000 10.000000 232 0.133509
4184 37.099998 22.100000 30.000000 117 0.120425
4185 37.099998 22.100000 10.000000 118 0.122218
4180 37.099998 21.900000 10.000000 316 0.138732
3872 36.700001 28.100000 70.000000 136 0.085686
3877 36.700001 28.299999 70.000000 40 0.061543
4119 36.900002 28.700001 30.000000 74 0.064515
4120 36.900002 28.700001 10.000000 86 0.063026
5568 38.299999 22.299999 50.000000 307 0.115091
5338 38.099998 22.299999 50.000000 730 0.111485
5333 38.099998 22.100000 50.000000 1258 0.157070
5334 38.099998 22.100000 30.000000 586 0.171548
5335 38.099998 22.100000 10.000000 703 0.142712
5339 38.099998 22.299999 30.000000 392 0.119508
5344 38.099998 22.500000 30.000000 141 0.129516
5114 37.900002 22.500000 30.000000 326 0.116165
5115 37.900002 22.500000 10.000000 321 0.121673
5108 37.900002 22.299999 50.000000 424 0.111129
5109 37.900002 22.299999 30.000000 511 0.118718
4879 37.700001 22.299999 30.000000 199 0.123562
4884 37.700001 22.500000 30.000000 364 0.122998
4885 37.700001 22.500000 10.000000 129 0.121351
4655 37.500000 22.500000 10.000000 215 0.141789
5343 38.099998 22.500000 50.000000 536 0.104932
5113 37.900002 22.500000 50.000000 536 0.104612
5119 37.900002 22.700001 30.000000 98 0.115801
4889 37.700001 22.700001 30.000000 242 0.110054
4894 37.700001 22.900000 30.000000 129 0.113113
4895 37.700001 22.900000 10.000000 27 0.119487
4883 37.700001 22.500000 50.000000 766 0.116730
4653 37.500000 22.500000 50.000000 609 0.123562
4654 37.500000 22.500000 30.000000 224 0.133314
4659 37.500000 22.700001 30.000000 227 0.113172
4429 37.299999 22.700001 30.000000 153 0.108803
4430 37.299999 22.700001 10.000000 63 0.126296
5348 38.099998 22.700001 50.000000 398 0.097251
5353 38.099998 22.900000 50.000000 314 0.098935
5358 38.099998 23.100000 50.000000 233 0.098006
5128 37.900002 23.100000 50.000000 318 0.100037
5133 37.900002 23.299999 50.000000 280 0.098432
5138 37.900002 23.500000 50.000000 138 0.098836
5143 37.900002 23.700001 50.000000 62 0.112399
5144 37.900002 23.700001 30.000000 420 0.097611
4914 37.700001 23.700001 30.000000 360 0.096053
4919 37.700001 23.900000 30.000000 211 0.096242
4924 37.700001 24.100000 30.000000 68 0.099953
4925 37.700001 24.100000 10.000000 162 0.095492
4930 37.700001 24.299999 10.000000 81 0.103357
3371 36.299999 26.500000 90.000000 323 0.083782
3372 36.299999 26.500000 70.000000 18 0.129916
3602 36.500000 26.500000 70.000000 83 0.176156
3603 36.500000 26.500000 50.000000 107 0.164045
3604 36.500000 26.500000 30.000000 82 0.202092
3605 36.500000 26.500000 10.000000 121 0.175188
3376 36.299999 26.700001 90.000000 328 0.084336
3606 36.500000 26.700001 90.000000 507 0.109848
3607 36.500000 26.700001 70.000000 41 0.185409
3608 36.500000 26.700001 50.000000 62 0.117548
3613 36.500000 26.900000 50.000000 55 0.104041
3843 36.700001 26.900000 50.000000 70 0.156259
3844 36.700001 26.900000 30.000000 55 0.184315
3845 36.700001 26.900000 10.000000 72 0.174529
3146 36.099998 26.700001 90.000000 124 0.077025
3147 36.099998 26.700001 70.000000 78 0.079511
2922 35.900002 26.900000 70.000000 165 0.083112
2923 35.900002 26.900000 50.000000 241 0.083234
2924 35.900002 26.900000 30.000000 16 0.090883
2694 35.700001 26.900000 30.000000 176 0.101918
2699 35.700001 27.100000 30.000000 185 0.096376
3141 36.099998 26.500000 90.000000 183 0.074998
2917 35.900002 26.700001 70.000000 151 0.078824
2918 35.900002 26.700001 50.000000 166 0.081464
2688 35.700001 26.700001 50.000000 218 0.094661
2693 35.700001 26.900000 50.000000 207 0.088240
2464 35.500000 26.900000 30.000000 123 0.114898
2465 35.500000 26.900000 10.000000 129 0.113672
3381 36.299999 26.900000 90.000000 277 0.086858
3382 36.299999 26.900000 70.000000 22 0.086658
3152 36.099998 26.900000 70.000000 148 0.085800
3157 36.099998 27.100000 70.000000 105 0.081180
3162 36.099998 27.299999 70.000000 101 0.082405
3163 36.099998 27.299999 50.000000 120 0.081029
3169 36.099998 27.500000 30.000000 111 0.087149
3174 36.099998 27.700001 30.000000 172 0.086689
3175 36.099998 27.700001 10.000000 114 0.086379
3611 36.500000 26.900000 90.000000 466 0.103220
3616 36.500000 27.100000 90.000000 264 0.094814
3617 36.500000 27.100000 70.000000 67 0.137267
3622 36.500000 27.299999 70.000000 83 0.106339
3623 36.500000 27.299999 50.000000 81 0.139615
3628 36.500000 27.500000 50.000000 86 0.093993
3870 36.700001 27.900000 10.000000 68 0.077285
3366 36.299999 26.299999 90.000000 169 0.081730
3136 36.099998 26.299999 90.000000 236 0.073925
3131 36.099998 26.100000 90.000000 207 0.080869
2901 35.900002 26.100000 90.000000 137 0.073144
2896 35.900002 25.900000 90.000000 108 0.071332
2897 35.900002 25.900000 70.000000 168 0.079228
2892 35.900002 25.700001 70.000000 110 0.075574
2662 35.700001 25.700001 70.000000 128 0.078649
2657 35.700001 25.500000 70.000000 134 0.078363
2658 35.700001 25.500000 50.000000 204 0.085580
2653 35.700001 25.299999 50.000000 192 0.092104
2423 35.500000 25.299999 50.000000 258 0.096682
2424 35.500000 25.299999 30.000000 248 0.095566
2419 35.500000 25.100000 30.000000 258 0.093749
2189 35.299999 25.100000 30.000000 259 0.099548
2190 35.299999 25.100000 10.000000 243 0.103339
2185 35.299999 24.900000 10.000000 405 0.101476
3126 36.099998 25.900000 90.000000 121 0.087154
2891 35.900002 25.700001 90.000000 70 0.080641
2887 35.900002 25.500000 70.000000 57 0.078912
2652 35.700001 25.299999 70.000000 45 0.087827
2648 35.700001 25.100000 50.000000 182 0.099080
2418 35.500000 25.100000 50.000000 210 0.105404
2413 35.500000 24.900000 50.000000 149 0.107918
2414 35.500000 24.900000 30.000000 166 0.103103
2409 35.500000 24.700001 30.000000 212 0.104977
2179 35.299999 24.700001 30.000000 75 0.140702
2180 35.299999 24.700001 10.000000 116 0.116894
2175 35.299999 24.500000 10.000000 95 0.130248
3621 36.500000 27.299999 90.000000 183 0.087816
3626 36.500000 27.500000 90.000000 106 0.079773
3627 36.500000 27.500000 70.000000 131 0.087334
3867 36.700001 27.900000 70.000000 132 0.076900
3982 36.900002 23.299999 70.000000 182 0.095480
3977 36.900002 23.100000 70.000000 112 0.102164
4207 37.099998 23.100000 70.000000 119 0.092929
4208 37.099998 23.100000 50.000000 219 0.095386
4209 37.099998 23.100000 30.000000 68 0.114796
4204 37.099998 22.900000 30.000000 224 0.115839
4212 37.099998 23.299999 70.000000 178 0.086962
4213 37.099998 23.299999 50.000000 163 0.090871
4443 37.299999 23.299999 50.000000 117 0.084166
4444 37.299999 23.299999 30.000000 166 0.111610
4445 37.299999 23.299999 10.000000 278 0.123161
3978 36.900002 23.100000 50.000000 348 0.100592
3979 36.900002 23.100000 30.000000 233 0.118221
3749 36.700001 23.100000 30.000000 340 0.114825
3744 36.700001 22.900000 30.000000 78 0.151174
3745 36.700001 22.900000 10.000000 562 0.124268
4438 37.299999 23.100000 50.000000 150 0.090053
4439 37.299999 23.100000 30.000000 33 0.126818
4669 37.500000 23.100000 30.000000 160 0.124982
4670 37.500000 23.100000 10.000000 177 0.121355
4665 37.500000 22.900000 10.000000 17 0.119892
3973 36.900002 22.900000 50.000000 231 0.103958
3968 36.900002 22.700001 50.000000 73 0.110337
3969 36.900002 22.700001 30.000000 57 0.117032
4203 37.099998 22.900000 50.000000 351 0.104665
4433 37.299999 22.900000 50.000000 260 0.100555
4428 37.299999 22.700001 50.000000 429 0.108171
4217 37.099998 23.500000 70.000000 107 0.080743
4218 37.099998 23.500000 50.000000 224 0.084905
4448 37.299999 23.500000 50.000000 206 0.084525
4453 37.299999 23.700001 50.000000 212 0.085049
4683 37.500000 23.700001 50.000000 215 0.088330
4684 37.500000 23.700001 30.000000 196 0.090640
4689 37.500000 23.900000 30.000000 121 0.086830
4920 37.700001 23.900000 10.000000 137 0.088188
4437 37.299999 23.100000 70.000000 153 0.090327
4663 37.500000 22.900000 50.000000 318 0.100021
4658 37.500000 22.700001 50.000000 946 0.114848
4890 37.700001 22.700001 10.000000 35 0.085119
4103 36.900002 28.100000 50.000000 85 0.097050
4108 36.900002 28.299999 50.000000 38 0.112644
4109 36.900002 28.299999 30.000000 82 0.097755
4110 36.900002 28.299999 10.000000 80 0.097026
4115 36.900002 28.500000 10.000000 44 0.113197
4345 37.099998 28.500000 10.000000 92 0.099215
3634 36.500000 27.700001 30.000000 85 0.098497
3629 36.500000 27.500000 30.000000 60 0.110157
3630 36.500000 27.500000 10.000000 68 0.109158
3625 36.500000 27.299999 10.000000 125 0.148474
4093 36.900002 27.700001 50.000000 83 0.098745
4094 36.900002 27.700001 30.000000 54 0.114558
4089 36.900002 27.500000 30.000000 43 0.125662
4090 36.900002 27.500000 10.000000 26 0.134887
4085 36.900002 27.299999 10.000000 44 0.133677
4315 37.099998 27.299999 10.000000 51 0.136319
3831 36.700001 26.500000 90.000000 217 0.126471
3601 36.500000 26.500000 90.000000 385 0.113195
3836 36.700001 26.700001 90.000000 236 0.118977
3837 36.700001 26.700001 70.000000 23 0.134559
3842 36.700001 26.900000 70.000000 46 0.176225
3826 36.700001 26.299999 90.000000 174 0.128473
3827 36.700001 26.299999 70.000000 131 0.125335
4057 36.900002 26.299999 70.000000 18 0.121440
4058 36.900002 26.299999 50.000000 40 0.112584
4053 36.900002 26.100000 50.000000 65 0.105144
4054 36.900002 26.100000 30.000000 81 0.117577
4055 36.900002 26.100000 10.000000 76 0.119098
4050 36.900002 25.900000 10.000000 198 0.117812
3841 36.700001 26.900000 90.000000 200 0.110130
4071 36.900002 26.900000 90.000000 20 0.119926
4072 36.900002 26.900000 70.000000 8 0.113260
4077 36.900002 27.100000 70.000000 17 0.109861
4078 36.900002 27.100000 50.000000 25 0.101305
4079 36.900002 27.100000 30.000000 9 0.125446
4084 36.900002 27.299999 30.000000 25 0.134579
3821 36.700001 26.100000 90.000000 113 0.122205
3822 36.700001 26.100000 70.000000 176 0.122107
3823 36.700001 26.100000 50.000000 193 0.119220
3818 36.700001 25.900000 50.000000 200 0.109804
3819 36.700001 25.900000 30.000000 259 0.112163
3814 36.700001 25.700001 30.000000 243 0.104686
3815 36.700001 25.700001 10.000000 254 0.116428
3817 36.700001 25.900000 70.000000 84 0.111990
4048 36.900002 25.900000 50.000000 79 0.106361
4043 36.900002 25.700001 50.000000 103 0.113785
4044 36.900002 25.700001 30.000000 212 0.096404
4045 36.900002 25.700001 10.000000 186 0.086650
4040 36.900002 25.500000 10.000000 344 0.097363
4052 36.900002 26.100000 70.000000 37 0.109064
4047 36.900002 25.900000 70.000000 52 0.113875
4039 36.900002 25.500000 30.000000 166 0.105614
3816 36.700001 25.900000 90.000000 34 0.125924
3813 36.700001 25.700001 50.000000 119 0.112267
3809 36.700001 25.500000 30.000000 180 0.097888
3810 36.700001 25.500000 10.000000 130 0.098392
3805 36.700001 25.299999 10.000000 213 0.099891
3151 36.099998 26.900000 90.000000 135 0.084140
2928 35.900002 27.100000 50.000000 204 0.087315
2929 35.900002 27.100000 30.000000 67 0.094891
3846 36.700001 27.100000 90.000000 178 0.097332
3851 36.700001 27.299999 90.000000 144 0.086832
3852 36.700001 27.299999 70.000000 60 0.116526
3857 36.700001 27.500000 70.000000 82 0.088671
3858 36.700001 27.500000 50.000000 91 0.102349
3640 36.500000 27.900000 10.000000 41 0.076332
4863 37.700001 21.700001 50.000000 48 0.162455
4864 37.700001 21.700001 30.000000 68 0.175500
4634 37.500000 21.700001 30.000000 48 0.176775
4635 37.500000 21.700001 10.000000 100 0.154374
4405 37.299999 21.700001 10.000000 68 0.140271
5094 37.900002 21.700001 30.000000 70 0.163600
5099 37.900002 21.900000 30.000000 191 0.157750
5100 37.900002 21.900000 10.000000 119 0.155012
5105 37.900002 22.100000 10.000000 215 0.122627
4868 37.700001 21.900000 50.000000 135 0.162424
4869 37.700001 21.900000 30.000000 117 0.156843
4874 37.700001 22.100000 30.000000 102 0.142296
4644 37.500000 22.100000 30.000000 127 0.145102
4649 37.500000 22.299999 30.000000 133 0.147755
4650 37.500000 22.299999 10.000000 68 0.171466
4873 37.700001 22.100000 50.000000 157 0.139081
4878 37.700001 22.299999 50.000000 247 0.121624
4638 37.500000 21.900000 50.000000 28 0.150721
4643 37.500000 22.100000 50.000000 61 0.123530
4648 37.500000 22.299999 50.000000 182 0.125026
4419 37.299999 22.299999 30.000000 155 0.136408
4424 37.299999 22.500000 30.000000 104 0.117367
3618 36.500000 27.100000 50.000000 73 0.126972
3624 36.500000 27.299999 30.000000 56 0.171816
4066 36.900002 26.700001 90.000000 22 0.125284
4067 36.900002 26.700001 70.000000 2 0.167491
4068 36.900002 26.700001 50.000000 19 0.086670
4073 36.900002 26.900000 50.000000 18 0.100276
4303 37.099998 26.900000 50.000000 11 0.109244
4304 37.099998 26.900000 30.000000 7 0.139206
4305 37.099998 26.900000 10.000000 13 0.116978
3847 36.700001 27.100000 70.000000 33 0.121450
3828 36.700001 26.299999 50.000000 99 0.106120
3853 36.700001 27.299999 50.000000 60 0.128350
3854 36.700001 27.299999 30.000000 32 0.128219
3859 36.700001 27.500000 30.000000 59 0.134823
3820 36.700001 25.900000 10.000000 184 0.116868
3596 36.500000 26.299999 90.000000 180 0.113538
3597 36.500000 26.299999 70.000000 95 0.124410
3592 36.500000 26.100000 70.000000 106 0.124820
3593 36.500000 26.100000 50.000000 149 0.103631
3588 36.500000 25.900000 50.000000 177 0.100821
3386 36.299999 27.100000 90.000000 157 0.089645
3391 36.299999 27.299999 90.000000 104 0.082480
3392 36.299999 27.299999 70.000000 135 0.083998
3397 36.299999 27.500000 70.000000 147 0.089024
3167 36.099998 27.500000 70.000000 77 0.090529
3410 36.299999 27.900000 10.000000 118 0.092026
4076 36.900002 27.100000 90.000000 21 0.121382
4307 37.099998 27.100000 70.000000 15 0.118413
4312 37.099998 27.299999 70.000000 10 0.101706
4313 37.099998 27.299999 50.000000 65 0.085419
4543 37.299999 27.299999 50.000000 70 0.088662
4544 37.299999 27.299999 30.000000 40 0.089175
4549 37.299999 27.500000 30.000000 30 0.106024
4550 37.299999 27.500000 10.000000 25 0.108019
4780 37.500000 27.500000 10.000000 29 0.104717
3591 36.500000 26.100000 90.000000 89 0.110305
3586 36.500000 25.900000 90.000000 42 0.088792
3587 36.500000 25.900000 70.000000 55 0.114312
3582 36.500000 25.700001 70.000000 31 0.138951
3577 36.500000 25.500000 70.000000 20 0.175422
3578 36.500000 25.500000 50.000000 78 0.106948
3808 36.700001 25.500000 50.000000 55 0.115148
3803 36.700001 25.299999 50.000000 63 0.121040
3804 36.700001 25.299999 30.000000 142 0.103040
3799 36.700001 25.100000 30.000000 195 0.088414
3800 36.700001 25.100000 10.000000 120 0.083445
3795 36.700001 24.900000 10.000000 157 0.107045
3856 36.700001 27.500000 90.000000 102 0.073723
3862 36.700001 27.700001 70.000000 83 0.082607
4092 36.900002 27.700001 70.000000 37 0.085788
4097 36.900002 27.900000 70.000000 59 0.092588
4104 36.900002 28.100000 30.000000 55 0.086563
4340 37.099998 28.299999 10.000000 48 0.086398
3861 36.700001 27.700001 90.000000 83 0.070856
3866 36.700001 27.900000 90.000000 52 0.057187
3121 36.099998 25.700001 90.000000 64 0.088358
3351 36.299999 25.700001 90.000000 66 0.091243
3352 36.299999 25.700001 70.000000 18 0.166061
3583 36.500000 25.700001 50.000000 103 0.102277
3584 36.500000 25.700001 30.000000 117 0.102355
3585 36.500000 25.700001 10.000000 44 0.107099
3356 36.299999 25.900000 90.000000 62 0.097941
3361 36.299999 26.100000 90.000000 105 0.095419
3362 36.299999 26.100000 70.000000 51 0.110774
3363 36.299999 26.100000 50.000000 142 0.089933
3598 36.500000 26.299999 50.000000 97 0.093567
3599 36.500000 26.299999 30.000000 44 0.098613
3600 36.500000 26.299999 10.000000 19 0.108812
3581 36.500000 25.700001 90.000000 27 0.086473
3347 36.299999 25.500000 70.000000 15 0.206846
3579 36.500000 25.500000 30.000000 90 0.091423
4049 36.900002 25.900000 30.000000 76 0.104289
3346 36.299999 25.500000 90.000000 62 0.119331
3341 36.299999 25.299999 90.000000 53 0.096179
3342 36.299999 25.299999 70.000000 13 0.178016
3572 36.500000 25.299999 70.000000 14 0.168698
3573 36.500000 25.299999 50.000000 65 0.099962
3568 36.500000 25.100000 50.000000 75 0.093055
3569 36.500000 25.100000 30.000000 94 0.089482
3570 36.500000 25.100000 10.000000 39 0.095864
3565 36.500000 24.900000 10.000000 92 0.105093
2886 35.900002 25.500000 90.000000 33 0.074190
2656 35.700001 25.500000 90.000000 10 0.085056
2651 35.700001 25.299999 90.000000 9 0.077419
2422 35.500000 25.299999 70.000000 8 0.084866
2184 35.299999 24.900000 30.000000 76 0.129161
2906 35.900002 26.299999 90.000000 121 0.076097
2676 35.700001 26.299999 90.000000 8 0.077287
2677 35.700001 26.299999 70.000000 91 0.087186
2682 35.700001 26.500000 70.000000 62 0.089389
2683 35.700001 26.500000 50.000000 307 0.099657
2458 35.500000 26.700001 50.000000 65 0.097909
2459 35.500000 26.700001 30.000000 76 0.130443
2911 35.900002 26.500000 90.000000 73 0.082616
2912 35.900002 26.500000 70.000000 118 0.083421
2881 35.900002 25.299999 90.000000 23 0.071219
2646 35.700001 25.100000 90.000000 7 0.068327
2647 35.700001 25.100000 70.000000 43 0.093486
2642 35.700001 24.900000 70.000000 51 0.090554
2412 35.500000 24.900000 70.000000 10 0.106440
2408 35.500000 24.700001 50.000000 134 0.113389
3158 36.099998 27.100000 50.000000 84 0.082990
4887 37.700001 22.700001 70.000000 554 0.104646
4888 37.700001 22.700001 50.000000 840 0.107934
4664 37.500000 22.900000 30.000000 115 0.123126
4675 37.500000 23.299999 10.000000 268 0.124734
5104 37.900002 22.100000 30.000000 177 0.138911
4893 37.700001 22.900000 50.000000 435 0.101945
4898 37.700001 23.100000 50.000000 368 0.100647
4903 37.700001 23.299999 50.000000 249 0.098471
4908 37.700001 23.500000 50.000000 125 0.102987
4909 37.700001 23.500000 30.000000 221 0.099086
4913 37.700001 23.700001 50.000000 115 0.110343
3156 36.099998 27.100000 90.000000 33 0.077987
4668 37.500000 23.100000 50.000000 186 0.097773
4673 37.500000 23.299999 50.000000 116 0.097097
5112 37.900002 22.500000 70.000000 127 0.110962
5117 37.900002 22.700001 70.000000 256 0.104421
5118 37.900002 22.700001 50.000000 411 0.100277
3991 36.900002 23.700001 90.000000 178 0.092817
3992 36.900002 23.700001 70.000000 140 0.096349
4222 37.099998 23.700001 70.000000 73 0.095850
4449 37.299999 23.500000 30.000000 66 0.090672
3996 36.900002 23.900000 90.000000 93 0.090784
3997 36.900002 23.900000 70.000000 59 0.116938
4227 37.099998 23.900000 70.000000 40 0.119350
4232 37.099998 24.100000 70.000000 27 0.123990
4233 37.099998 24.100000 50.000000 107 0.085756
4238 37.099998 24.299999 50.000000 64 0.088656
4239 37.099998 24.299999 30.000000 75 0.100563
4240 37.099998 24.299999 10.000000 78 0.090172
4245 37.099998 24.500000 10.000000 102 0.105134
3987 36.900002 23.500000 70.000000 136 0.085312
4221 37.099998 23.700001 90.000000 109 0.087720
4457 37.299999 23.900000 70.000000 32 0.129109
4458 37.299999 23.900000 50.000000 175 0.087147
4463 37.299999 24.100000 50.000000 78 0.091738
4464 37.299999 24.100000 30.000000 55 0.085069
4694 37.500000 24.100000 30.000000 84 0.091025
4699 37.500000 24.299999 30.000000 60 0.100728
4700 37.500000 24.299999 10.000000 58 0.098055
4216 37.099998 23.500000 90.000000 98 0.086906
4442 37.299999 23.299999 70.000000 113 0.088704
5120 37.900002 22.700001 10.000000 26 0.092678
4435 37.299999 22.900000 10.000000 38 0.126586
4418 37.299999 22.299999 50.000000 119 0.127796
4414 37.299999 22.100000 30.000000 172 0.136830
4415 37.299999 22.100000 10.000000 151 0.135224
4410 37.299999 21.900000 10.000000 240 0.143978
4639 37.500000 21.900000 30.000000 135 0.147910
4640 37.500000 21.900000 10.000000 68 0.129686
4423 37.299999 22.500000 50.000000 162 0.115467
4188 37.099998 22.299999 50.000000 47 0.109934
4189 37.099998 22.299999 30.000000 109 0.117210
5134 37.900002 23.299999 30.000000 296 0.098865
5139 37.900002 23.500000 30.000000 498 0.100102
5145 37.900002 23.700001 10.000000 626 0.104938
5375 38.099998 23.700001 10.000000 375 0.096360
5380 38.099998 23.900000 10.000000 664 0.095867
4901 37.700001 23.299999 90.000000 92 0.093765
4902 37.700001 23.299999 70.000000 39 0.119792
4672 37.500000 23.299999 70.000000 71 0.120711
4674 37.500000 23.299999 30.000000 45 0.143857
4896 37.700001 23.100000 90.000000 128 0.096930
4897 37.700001 23.100000 70.000000 139 0.110389
4892 37.700001 22.900000 70.000000 355 0.103532
5123 37.900002 22.900000 50.000000 258 0.104485
4671 37.500000 23.299999 90.000000 130 0.096744
4666 37.500000 23.100000 90.000000 76 0.084358
4667 37.500000 23.100000 70.000000 141 0.094728
4434 37.299999 22.900000 30.000000 67 0.110681
4906 37.700001 23.500000 90.000000 76 0.101977
4907 37.700001 23.500000 70.000000 34 0.135435
4912 37.700001 23.700001 70.000000 33 0.117887
4918 37.700001 23.900000 50.000000 82 0.116546
4923 37.700001 24.100000 50.000000 19 0.113430
2907 35.900002 26.299999 70.000000 161 0.078747
3137 36.099998 26.299999 70.000000 71 0.087398
3138 36.099998 26.299999 50.000000 97 0.076313
3368 36.299999 26.299999 50.000000 111 0.079804
3369 36.299999 26.299999 30.000000 28 0.109037
3132 36.099998 26.100000 70.000000 67 0.100837
3133 36.099998 26.100000 50.000000 94 0.094561
3358 36.299999 25.900000 50.000000 120 0.101021
3359 36.299999 25.900000 30.000000 106 0.111972
3589 36.500000 25.900000 30.000000 143 0.103386
2933 35.900002 27.299999 50.000000 135 0.090575
5347 38.099998 22.700001 70.000000 153 0.097550
5342 38.099998 22.500000 70.000000 133 0.110447
5124 37.900002 22.900000 30.000000 111 0.144890
3187 36.099998 28.299999 70.000000 26 0.108210
3188 36.099998 28.299999 50.000000 40 0.116604
3183 36.099998 28.100000 50.000000 68 0.120056
3184 36.099998 28.100000 30.000000 65 0.162265
3418 36.299999 28.299999 50.000000 67 0.106801
3648 36.500000 28.299999 50.000000 84 0.100669
3649 36.500000 28.299999 30.000000 25 0.123595
3413 36.299999 28.100000 50.000000 107 0.112400
3635 36.500000 27.700001 10.000000 17 0.080882
3423 36.299999 28.500000 50.000000 45 0.110453
3653 36.500000 28.500000 50.000000 54 0.089625
3658 36.500000 28.700001 50.000000 25 0.096975
3659 36.500000 28.700001 30.000000 20 0.097875
3894 36.700001 28.900000 30.000000 16 0.094527
3404 36.299999 27.700001 30.000000 100 0.093823
3399 36.299999 27.500000 30.000000 40 0.106267
3400 36.299999 27.500000 10.000000 22 0.115662
3086 36.099998 24.299999 90.000000 30 0.084215
3087 36.099998 24.299999 70.000000 231 0.094188
3092 36.099998 24.500000 70.000000 200 0.095192
3322 36.299999 24.500000 70.000000 89 0.091560
3323 36.299999 24.500000 50.000000 119 0.096841
3328 36.299999 24.700001 50.000000 131 0.095522
3329 36.299999 24.700001 30.000000 42 0.093618
3559 36.500000 24.700001 30.000000 174 0.088528
3564 36.500000 24.900000 30.000000 132 0.089359
2857 35.900002 24.299999 70.000000 73 0.102718
2862 35.900002 24.500000 70.000000 116 0.092470
2632 35.700001 24.500000 70.000000 12 0.102813
2633 35.700001 24.500000 50.000000 249 0.094580
2638 35.700001 24.700001 50.000000 208 0.089988
2415 35.500000 24.900000 10.000000 126 0.095040
3097 36.099998 24.700001 70.000000 107 0.095878
3098 36.099998 24.700001 50.000000 83 0.095820
3103 36.099998 24.900000 50.000000 68 0.097699
3333 36.299999 24.900000 50.000000 110 0.096558
3338 36.299999 25.100000 50.000000 77 0.097054
3339 36.299999 25.100000 30.000000 92 0.105617
3344 36.299999 25.299999 30.000000 96 0.115591
3345 36.299999 25.299999 10.000000 75 0.118919
3575 36.500000 25.299999 10.000000 63 0.110356
3327 36.299999 24.700001 70.000000 34 0.095517
3563 36.500000 24.900000 50.000000 96 0.087466
3558 36.500000 24.700001 50.000000 163 0.081371
3788 36.700001 24.700001 50.000000 117 0.089544
3793 36.700001 24.900000 50.000000 121 0.088861
3794 36.700001 24.900000 30.000000 176 0.088499
4024 36.900002 24.900000 30.000000 136 0.086667
4025 36.900002 24.900000 10.000000 58 0.087614
4030 36.900002 25.100000 10.000000 100 0.094574
4260 37.099998 25.100000 10.000000 226 0.098907
4029 36.900002 25.100000 30.000000 131 0.094170
4265 37.099998 25.299999 10.000000 115 0.092907
3798 36.700001 25.100000 50.000000 71 0.105792
4034 36.900002 25.299999 30.000000 177 0.086561
4035 36.900002 25.299999 10.000000 171 0.083867
3332 36.299999 24.900000 70.000000 20 0.103532
3574 36.500000 25.299999 30.000000 85 0.093537
3557 36.500000 24.700001 70.000000 20 0.124354
3787 36.700001 24.700001 70.000000 22 0.120735
4023 36.900002 24.900000 50.000000 40 0.093060
4028 36.900002 25.100000 50.000000 45 0.111821
4258 37.099998 25.100000 50.000000 22 0.144138
4259 37.099998 25.100000 30.000000 43 0.126700
4489 37.299999 25.100000 30.000000 27 0.090569
4494 37.299999 25.299999 30.000000 17 0.106804
4495 37.299999 25.299999 10.000000 17 0.081183
4725 37.500000 25.299999 10.000000 48 0.091481
3102 36.099998 24.900000 70.000000 52 0.092612
3337 36.299999 25.100000 70.000000 21 0.150780
3343 36.299999 25.299999 50.000000 57 0.109842
3348 36.299999 25.500000 50.000000 61 0.115866
3353 36.299999 25.700001 50.000000 89 0.107311
3594 36.500000 26.100000 30.000000 71 0.095313
3595 36.500000 26.100000 10.000000 4 0.094753
3082 36.099998 24.100000 70.000000 150 0.095282
3312 36.299999 24.100000 70.000000 165 0.088893
3537 36.500000 23.900000 70.000000 124 0.088929
3767 36.700001 23.900000 70.000000 128 0.098407
3762 36.700001 23.700001 70.000000 186 0.093814
3763 36.700001 23.700001 50.000000 221 0.083038
3993 36.900002 23.700001 50.000000 253 0.083684
3988 36.900002 23.500000 50.000000 252 0.088153
3317 36.299999 24.299999 70.000000 137 0.092145
3542 36.500000 24.100000 70.000000 102 0.088784
3772 36.700001 24.100000 70.000000 48 0.110852
3998 36.900002 23.900000 50.000000 155 0.086019
4228 37.099998 23.900000 50.000000 197 0.082555
5140 37.900002 23.500000 10.000000 275 0.104572
5370 38.099998 23.500000 10.000000 85 0.099851
3173 36.099998 27.700001 50.000000 177 0.092279
3631 36.500000 27.700001 90.000000 70 0.072249
4629 37.500000 21.500000 30.000000 23 0.174379
4404 37.299999 21.700001 30.000000 19 0.180830
4399 37.299999 21.500000 30.000000 1 0.174603
4174 37.099998 21.700001 30.000000 4 0.187787
4175 37.099998 21.700001 10.000000 2 0.185850
3945 36.900002 21.700001 10.000000 2 0.185850
3824 36.700001 26.100000 30.000000 134 0.115322
5126 37.900002 23.100000 90.000000 135 0.100540
5127 37.900002 23.100000 70.000000 48 0.129059
5122 37.900002 22.900000 70.000000 157 0.098858
5132 37.900002 23.299999 70.000000 41 0.116424
3357 36.299999 25.900000 70.000000 41 0.125844
2902 35.900002 26.100000 70.000000 198 0.076166
2678 35.700001 26.299999 50.000000 219 0.097428
2689 35.700001 26.700001 30.000000 82 0.123444
2460 35.500000 26.700001 10.000000 17 0.128849
2913 35.900002 26.500000 50.000000 117 0.081811
2695 35.700001 26.900000 10.000000 32 0.130363
3142 36.099998 26.500000 70.000000 52 0.082761
3153 36.099998 26.900000 50.000000 72 0.081330
3164 36.099998 27.299999 30.000000 19 0.106919
3771 36.700001 24.100000 90.000000 112 0.098182
3777 36.700001 24.299999 70.000000 40 0.114632
4007 36.900002 24.299999 70.000000 31 0.117059
4008 36.900002 24.299999 50.000000 79 0.092117
4009 36.900002 24.299999 30.000000 86 0.090874
4244 37.099998 24.500000 30.000000 47 0.111009
3776 36.700001 24.299999 90.000000 52 0.103530
3782 36.700001 24.500000 70.000000 31 0.121976
3783 36.700001 24.500000 50.000000 119 0.090167
3789 36.700001 24.700001 30.000000 89 0.089515
3790 36.700001 24.700001 10.000000 29 0.082905
4012 36.900002 24.500000 70.000000 28 0.106538
4013 36.900002 24.500000 50.000000 56 0.094632
4018 36.900002 24.700001 50.000000 64 0.094432
4019 36.900002 24.700001 30.000000 82 0.088550
4255 37.099998 24.900000 10.000000 76 0.089848
3766 36.700001 23.900000 90.000000 111 0.087906
3757 36.700001 23.500000 70.000000 112 0.086926
3758 36.700001 23.500000 50.000000 326 0.087265
3753 36.700001 23.299999 50.000000 387 0.105849
3754 36.700001 23.299999 30.000000 152 0.099781
3750 36.700001 23.100000 10.000000 233 0.105112
4001 36.900002 24.100000 90.000000 58 0.114097
4002 36.900002 24.100000 70.000000 43 0.118985
4468 37.299999 24.299999 50.000000 52 0.088410
4469 37.299999 24.299999 30.000000 29 0.097030
4695 37.500000 24.100000 10.000000 15 0.106563
3761 36.700001 23.700001 90.000000 105 0.087693
3752 36.700001 23.299999 70.000000 77 0.098321
3748 36.700001 23.100000 50.000000 311 0.115363
3743 36.700001 22.900000 50.000000 83 0.112806
3739 36.700001 22.700001 30.000000 61 0.124588
3970 36.900002 22.700001 10.000000 9 0.137817
4017 36.900002 24.700001 70.000000 21 0.115680
4247 37.099998 24.700001 70.000000 20 0.134337
4248 37.099998 24.700001 50.000000 39 0.097595
4253 37.099998 24.900000 50.000000 36 0.104715
4483 37.299999 24.900000 50.000000 11 0.124684
4488 37.299999 25.100000 50.000000 13 0.127684
3792 36.700001 24.900000 70.000000 13 0.109330
3541 36.500000 24.100000 90.000000 93 0.090551
3311 36.299999 24.100000 90.000000 16 0.088603
3088 36.099998 24.299999 50.000000 120 0.094067
2858 35.900002 24.299999 50.000000 208 0.096216
2628 35.700001 24.299999 50.000000 210 0.099641
2629 35.700001 24.299999 30.000000 132 0.103414
2634 35.700001 24.500000 30.000000 88 0.098829
2404 35.500000 24.500000 30.000000 189 0.110713
2405 35.500000 24.500000 10.000000 55 0.119306
4006 36.900002 24.299999 90.000000 28 0.110458
4237 37.099998 24.299999 70.000000 12 0.131033
4242 37.099998 24.500000 70.000000 15 0.117968
4243 37.099998 24.500000 50.000000 48 0.076906
4473 37.299999 24.500000 50.000000 36 0.073538
4478 37.299999 24.700001 50.000000 13 0.091112
4708 37.500000 24.700001 50.000000 10 0.094125
4709 37.500000 24.700001 30.000000 37 0.080045
4939 37.700001 24.700001 30.000000 27 0.073568
4944 37.700001 24.900000 30.000000 6 0.093156
4945 37.700001 24.900000 10.000000 28 0.072099
5175 37.900002 24.900000 10.000000 34 0.074067
4688 37.500000 23.900000 50.000000 104 0.102365
5149 37.900002 23.900000 30.000000 242 0.095874
5150 37.900002 23.900000 10.000000 296 0.091549
4452 37.299999 23.700001 70.000000 36 0.108792
3781 36.700001 24.500000 90.000000 18 0.127181
4033 36.900002 25.299999 50.000000 30 0.134866
4038 36.900002 25.500000 50.000000 52 0.117129
4660 37.500000 22.700001 10.000000 15 0.073192
5563 38.299999 22.100000 50.000000 320 0.149781
5564 38.299999 22.100000 30.000000 390 0.150716
5340 38.099998 22.299999 10.000000 173 0.108924
5345 38.099998 22.500000 10.000000 5 0.108918
5103 37.900002 22.100000 50.000000 189 0.143471
5098 37.900002 21.900000 50.000000 109 0.155177
4899 37.700001 23.100000 30.000000 127 0.107340
5129 37.900002 23.100000 30.000000 160 0.101643
5364 38.099998 23.299999 30.000000 198 0.098740
5365 38.099998 23.299999 10.000000 13 0.095111
5369 38.099998 23.500000 30.000000 219 0.099873
5374 38.099998 23.700001 30.000000 265 0.098136
4882 37.700001 22.500000 70.000000 79 0.101206
4657 37.500000 22.700001 70.000000 167 0.102333
5373 38.099998 23.700001 50.000000 17 0.112798
5378 38.099998 23.900000 50.000000 12 0.129204
5379 38.099998 23.900000 30.000000 28 0.132317
5384 38.099998 24.100000 30.000000 15 0.086865
5385 38.099998 24.100000 10.000000 16 0.086217
5390 38.099998 24.299999 10.000000 57 0.084625
4095 36.900002 27.700001 10.000000 17 0.094206
4325 37.099998 27.700001 10.000000 31 0.098564
3612 36.500000 26.900000 70.000000 29 0.159193
3619 36.500000 27.100000 30.000000 21 0.128878
3848 36.700001 27.100000 50.000000 27 0.107118
2916 35.900002 26.700001 90.000000 29 0.081395
3387 36.299999 27.100000 70.000000 61 0.089579
1708 34.900002 24.299999 50.000000 6 0.155136
1709 34.900002 24.299999 30.000000 20 0.172304
1939 35.099998 24.299999 30.000000 42 0.176149
1944 35.099998 24.500000 30.000000 32 0.168568
1945 35.099998 24.500000 10.000000 9 0.172299
1938 35.099998 24.299999 50.000000 29 0.161977
1949 35.099998 24.700001 30.000000 49 0.159233
1950 35.099998 24.700001 10.000000 67 0.153946
2444 35.500000 26.100000 30.000000 128 0.109008
2449 35.500000 26.299999 30.000000 115 0.116418
2454 35.500000 26.500000 30.000000 121 0.120389
2439 35.500000 25.900000 30.000000 163 0.096217
2434 35.500000 25.700001 30.000000 195 0.089033
2429 35.500000 25.500000 30.000000 151 0.101554
2199 35.299999 25.500000 30.000000 206 0.098568
2194 35.299999 25.299999 30.000000 208 0.109932
2674 35.700001 26.100000 30.000000 6 0.112710
2669 35.700001 25.900000 30.000000 1 0.136063
2899 35.900002 25.900000 30.000000 5 0.120577
2894 35.900002 25.700001 30.000000 8 0.153140
3124 36.099998 25.700001 30.000000 50 0.126388
3119 36.099998 25.500000 30.000000 24 0.137914
3349 36.299999 25.500000 30.000000 92 0.135126
3350 36.299999 25.500000 10.000000 169 0.128788
3580 36.500000 25.500000 10.000000 57 0.095675
2684 35.700001 26.500000 30.000000 94 0.133358
2940 35.900002 27.500000 10.000000 8 0.116589
2945 35.900002 27.700001 10.000000 24 0.116278
2399 35.500000 24.299999 30.000000 195 0.109611
2863 35.900002 24.500000 50.000000 194 0.092298
3093 36.099998 24.500000 50.000000 87 0.093165
3099 36.099998 24.700001 30.000000 7 0.101426
3334 36.299999 24.900000 30.000000 61 0.104322
2868 35.900002 24.700001 50.000000 131 0.089127
5121 37.900002 22.900000 90.000000 83 0.089805
3737 36.700001 22.700001 70.000000 11 0.111164
3738 36.700001 22.700001 50.000000 34 0.108096
3735 36.700001 22.500000 10.000000 56 0.134351
3507 36.500000 22.700001 70.000000 6 0.089749
3508 36.500000 22.700001 50.000000 16 0.135656
3513 36.500000 22.900000 50.000000 77 0.139466
3283 36.299999 22.900000 50.000000 39 0.131471
3284 36.299999 22.900000 30.000000 82 0.139320
3285 36.299999 22.900000 10.000000 73 0.143186
3055 36.099998 22.900000 10.000000 171 0.151985
4440 37.299999 23.100000 10.000000 20 0.144434
4198 37.099998 22.700001 50.000000 242 0.108400
4193 37.099998 22.500000 50.000000 78 0.104411
4425 37.299999 22.500000 10.000000 144 0.108769
3967 36.900002 22.700001 70.000000 13 0.107726
3742 36.700001 22.900000 70.000000 16 0.129339
3972 36.900002 22.900000 70.000000 34 0.103909
4904 37.700001 23.299999 30.000000 126 0.101377
5135 37.900002 23.299999 10.000000 18 0.105141
4296 37.099998 26.700001 90.000000 13 0.123004
4526 37.299999 26.700001 90.000000 3 0.154604
4527 37.299999 26.700001 70.000000 10 0.126050
4532 37.299999 26.900000 70.000000 15 0.110241
4533 37.299999 26.900000 50.000000 28 0.092142
4763 37.500000 26.900000 50.000000 28 0.108964
4764 37.500000 26.900000 30.000000 92 0.088451
4994 37.700001 26.900000 30.000000 16 0.118317
4995 37.700001 26.900000 10.000000 118 0.088291
4301 37.099998 26.900000 90.000000 14 0.109748
4306 37.099998 27.100000 90.000000 12 0.117265
4537 37.299999 27.100000 70.000000 12 0.117464
4538 37.299999 27.100000 50.000000 55 0.087840
4768 37.500000 27.100000 50.000000 13 0.111775
4769 37.500000 27.100000 30.000000 77 0.087804
4770 37.500000 27.100000 10.000000 25 0.094672
4775 37.500000 27.299999 10.000000 19 0.110613
5005 37.700001 27.299999 10.000000 19 0.110613
4056 36.900002 26.299999 90.000000 15 0.108457
4051 36.900002 26.100000 90.000000 13 0.105742
2927 35.900002 27.100000 70.000000 100 0.083199
2921 35.900002 26.900000 90.000000 15 0.073268
4081 36.900002 27.299999 90.000000 13 0.100076
4086 36.900002 27.500000 90.000000 13 0.077056
4091 36.900002 27.700001 90.000000 7 0.084685
3396 36.299999 27.500000 90.000000 38 0.082204
3636 36.500000 27.900000 90.000000 13 0.060745
4413 37.299999 22.100000 50.000000 18 0.189728
4409 37.299999 21.900000 30.000000 84 0.157099
4179 37.099998 21.900000 30.000000 22 0.149388
4408 37.299999 21.900000 50.000000 8 0.160890
4183 37.099998 22.100000 50.000000 13 0.147873
4178 37.099998 21.900000 50.000000 6 0.124178
3949 36.900002 21.900000 30.000000 19 0.160731
3960 36.900002 22.299999 10.000000 11 0.164550
1734 34.900002 25.299999 30.000000 3 0.184458
1729 34.900002 25.100000 30.000000 4 0.189298
1959 35.099998 25.100000 30.000000 44 0.118464
1960 35.099998 25.100000 10.000000 17 0.121759
1955 35.099998 24.900000 10.000000 96 0.144605
1954 35.099998 24.900000 30.000000 48 0.142013
2914 35.900002 26.500000 30.000000 26 0.122280
3144 36.099998 26.500000 30.000000 15 0.151013
3374 36.299999 26.500000 30.000000 27 0.147608
3375 36.299999 26.500000 10.000000 9 0.197523
2919 35.900002 26.700001 30.000000 9 0.100629
3154 36.099998 26.900000 30.000000 8 0.129540
3159 36.099998 27.100000 30.000000 11 0.131516
3389 36.299999 27.100000 30.000000 17 0.120104
3390 36.299999 27.100000 10.000000 5 0.137801
3395 36.299999 27.299999 10.000000 29 0.138963
2679 35.700001 26.299999 30.000000 40 0.110291
2909 35.900002 26.299999 30.000000 41 0.093340
2904 35.900002 26.100000 30.000000 24 0.088178
3134 36.099998 26.100000 30.000000 46 0.088203
3129 36.099998 25.900000 30.000000 51 0.106526
3590 36.500000 25.900000 10.000000 24 0.081317
3364 36.299999 26.100000 30.000000 80 0.101275
3139 36.099998 26.299999 30.000000 31 0.095934
3825 36.700001 26.100000 10.000000 33 0.105860
3354 36.299999 25.700001 30.000000 107 0.121161
4320 37.099998 27.500000 10.000000 8 0.154916
4328 37.099998 27.900000 50.000000 26 0.086091
4329 37.099998 27.900000 30.000000 14 0.117876
4324 37.099998 27.700001 30.000000 34 0.110029
4554 37.299999 27.700001 30.000000 18 0.103241
4555 37.299999 27.700001 10.000000 11 0.101872
3041 36.099998 22.500000 90.000000 12 0.096469
3046 36.099998 22.700001 90.000000 13 0.100558
3047 36.099998 22.700001 70.000000 6 0.126815
3048 36.099998 22.700001 50.000000 4 0.118708
3053 36.099998 22.900000 50.000000 11 0.139909
3054 36.099998 22.900000 30.000000 9 0.143086
2817 35.900002 22.700001 70.000000 8 0.118678
2822 35.900002 22.900000 70.000000 11 0.117438
2823 35.900002 22.900000 50.000000 10 0.134394
2828 35.900002 23.100000 50.000000 8 0.135960
2829 35.900002 23.100000 30.000000 33 0.156957
2830 35.900002 23.100000 10.000000 10 0.160673
2835 35.900002 23.299999 10.000000 288 0.162770
3276 36.299999 22.700001 90.000000 18 0.076987
3277 36.299999 22.700001 70.000000 5 0.125308
3512 36.500000 22.900000 70.000000 12 0.127164
3271 36.299999 22.500000 90.000000 8 0.095272
3272 36.299999 22.500000 70.000000 9 0.108562
3267 36.299999 22.299999 70.000000 4 0.084980
3497 36.500000 22.299999 70.000000 7 0.087514
3727 36.700001 22.299999 70.000000 5 0.099652
3722 36.700001 22.100000 70.000000 3 0.098095
3723 36.700001 22.100000 50.000000 10 0.102793
3953 36.900002 22.100000 50.000000 9 0.086911
3501 36.500000 22.500000 90.000000 4 0.097546
3502 36.500000 22.500000 70.000000 7 0.102844
3732 36.700001 22.500000 70.000000 4 0.105811
3962 36.900002 22.500000 70.000000 2 0.074696
4192 37.099998 22.500000 70.000000 7 0.074871
3051 36.099998 22.900000 90.000000 3 0.086431
3281 36.299999 22.900000 90.000000 10 0.064954
3286 36.299999 23.100000 90.000000 5 0.060195
3287 36.299999 23.100000 70.000000 6 0.095457
3522 36.500000 23.299999 70.000000 21 0.074517
3527 36.500000 23.500000 70.000000 73 0.088084
3768 36.700001 23.900000 50.000000 170 0.087245
4003 36.900002 24.100000 50.000000 115 0.088028
4004 36.900002 24.100000 30.000000 86 0.089048
4234 37.099998 24.100000 30.000000 50 0.086326
5337 38.099998 22.299999 70.000000 60 0.108080
5354 38.099998 22.900000 30.000000 43 0.117906
5359 38.099998 23.100000 30.000000 52 0.102249
5107 37.900002 22.299999 70.000000 51 0.109035
5363 38.099998 23.299999 50.000000 196 0.096413
4859 37.700001 21.500000 30.000000 47 0.168511
4446 37.299999 23.500000 90.000000 90 0.089449
4447 37.299999 23.500000 70.000000 60 0.089298
4211 37.099998 23.299999 90.000000 52 0.083892
4441 37.299999 23.299999 90.000000 157 0.093008
2639 35.700001 24.700001 30.000000 67 0.086438
2869 35.900002 24.700001 30.000000 6 0.101715
3104 36.099998 24.900000 30.000000 17 0.109544
3335 36.299999 24.900000 10.000000 2 0.162108
2874 35.900002 24.900000 30.000000 6 0.113979
3394 36.299999 27.299999 30.000000 28 0.126319
3148 36.099998 26.700001 50.000000 84 0.078396
3378 36.299999 26.700001 50.000000 62 0.086550
3373 36.299999 26.500000 50.000000 82 0.077163
2944 35.900002 27.700001 30.000000 51 0.110015
3383 36.299999 26.900000 50.000000 57 0.088025
3384 36.299999 26.900000 30.000000 12 0.106372
3614 36.500000 26.900000 30.000000 24 0.099879
3615 36.500000 26.900000 10.000000 7 0.112570
3388 36.299999 27.100000 50.000000 57 0.089728
3393 36.299999 27.299999 50.000000 68 0.091350
3143 36.099998 26.500000 50.000000 98 0.077048
3829 36.700001 26.299999 30.000000 32 0.089385
3849 36.700001 27.100000 30.000000 23 0.128187
3128 36.099998 25.900000 50.000000 91 0.103372
3355 36.299999 25.700001 10.000000 123 0.126431
4074 36.900002 26.900000 30.000000 5 0.093738
4075 36.900002 26.900000 10.000000 1 0.165726
4083 36.900002 27.299999 50.000000 48 0.094236
4314 37.099998 27.299999 30.000000 6 0.086236
4319 37.099998 27.500000 30.000000 10 0.116506
4278 37.099998 25.900000 50.000000 5 0.076396
4273 37.099998 25.700001 50.000000 12 0.082703
4274 37.099998 25.700001 30.000000 28 0.103290
4504 37.299999 25.700001 30.000000 9 0.082505
4499 37.299999 25.500000 30.000000 17 0.086659
4500 37.299999 25.500000 10.000000 13 0.081561
4730 37.500000 25.500000 10.000000 16 0.086161
3879 36.700001 28.299999 30.000000 36 0.115864
4268 37.099998 25.500000 50.000000 11 0.091399
4263 37.099998 25.299999 50.000000 11 0.119940
4264 37.099998 25.299999 30.000000 52 0.099725
4490 37.299999 25.100000 10.000000 10 0.067363
4720 37.500000 25.100000 10.000000 10 0.070707
4715 37.500000 24.900000 10.000000 54 0.089403
2672 35.700001 26.100000 70.000000 141 0.075563
2667 35.700001 25.900000 70.000000 184 0.080537
2668 35.700001 25.900000 50.000000 276 0.090345
2663 35.700001 25.700001 50.000000 160 0.089149
2428 35.500000 25.500000 50.000000 228 0.097040
3494 36.500000 22.100000 30.000000 17 0.229007
3499 36.500000 22.299999 30.000000 22 0.198894
3500 36.500000 22.299999 10.000000 7 0.255214
3724 36.700001 22.100000 30.000000 19 0.162461
3719 36.700001 21.900000 30.000000 10 0.207206
3729 36.700001 22.299999 30.000000 11 0.155092
3730 36.700001 22.299999 10.000000 6 0.227731
4269 37.099998 25.500000 30.000000 25 0.092319
3419 36.299999 28.299999 30.000000 23 0.146535
3414 36.299999 28.100000 30.000000 106 0.144603
3654 36.500000 28.500000 30.000000 16 0.099920
3178 36.099998 27.900000 50.000000 105 0.109146
2943 35.900002 27.700001 50.000000 113 0.095645
2709 35.700001 27.500000 30.000000 74 0.105525
3850 36.700001 27.100000 10.000000 16 0.144082
4088 36.900002 27.500000 50.000000 73 0.089024
4309 37.099998 27.100000 30.000000 5 0.068490
4310 37.099998 27.100000 10.000000 4 0.078841
3609 36.500000 26.700001 30.000000 28 0.104547
3610 36.500000 26.700001 10.000000 15 0.101648
4318 37.099998 27.500000 50.000000 61 0.083868
4539 37.299999 27.100000 30.000000 59 0.082861
4765 37.500000 26.900000 10.000000 91 0.085322
4308 37.099998 27.100000 50.000000 31 0.077316
4534 37.299999 26.900000 30.000000 15 0.077374
4529 37.299999 26.700001 30.000000 19 0.071684
4759 37.500000 26.700001 30.000000 27 0.079186
4754 37.500000 26.500000 30.000000 15 0.075232
4755 37.500000 26.500000 10.000000 10 0.067265
4750 37.500000 26.299999 10.000000 17 0.085359
4980 37.700001 26.299999 10.000000 23 0.083795
4323 37.099998 27.700001 50.000000 48 0.091390
4548 37.299999 27.500000 50.000000 38 0.087341
4778 37.500000 27.500000 50.000000 9 0.075903
4773 37.500000 27.299999 50.000000 23 0.093765
5003 37.700001 27.299999 50.000000 10 0.079716
5004 37.700001 27.299999 30.000000 9 0.075903
4999 37.700001 27.100000 30.000000 12 0.084061
5229 37.900002 27.100000 30.000000 14 0.081298
5230 37.900002 27.100000 10.000000 9 0.075903
5225 37.900002 26.900000 10.000000 20 0.092033
5455 38.099998 26.900000 10.000000 19 0.092826
3532 36.500000 23.700001 70.000000 148 0.092663
3528 36.500000 23.500000 50.000000 504 0.089357
3523 36.500000 23.299999 50.000000 478 0.112901
3293 36.299999 23.299999 50.000000 626 0.119452
3294 36.299999 23.299999 30.000000 302 0.143732
3289 36.299999 23.100000 30.000000 259 0.142135
3290 36.299999 23.100000 10.000000 212 0.135723
3060 36.099998 23.100000 10.000000 190 0.151916
3773 36.700001 24.100000 50.000000 139 0.092029
4219 37.099998 23.500000 30.000000 41 0.089370
4214 37.099998 23.299999 30.000000 153 0.126758
3778 36.700001 24.299999 50.000000 97 0.101260
4223 37.099998 23.700001 50.000000 254 0.083776
3307 36.299999 23.900000 70.000000 102 0.092649
3308 36.299999 23.900000 50.000000 391 0.086652
3078 36.099998 23.900000 50.000000 215 0.093922
3083 36.099998 24.100000 50.000000 170 0.093247
2853 35.900002 24.100000 50.000000 248 0.100274
3551 36.500000 24.500000 90.000000 29 0.117189
3556 36.500000 24.700001 90.000000 28 0.094082
3562 36.500000 24.900000 70.000000 11 0.128334
3786 36.700001 24.700001 90.000000 6 0.099184
3321 36.299999 24.500000 90.000000 32 0.080911
3326 36.299999 24.700001 90.000000 42 0.083760
2867 35.900002 24.700001 70.000000 118 0.092103
2644 35.700001 24.900000 30.000000 25 0.106048
3546 36.500000 24.299999 90.000000 51 0.096902
3983 36.900002 23.299999 50.000000 309 0.105659
3984 36.900002 23.299999 30.000000 132 0.125685
4210 37.099998 23.100000 10.000000 6 0.070260
5088 37.900002 21.500000 50.000000 30 0.127769
5093 37.900002 21.700001 50.000000 42 0.151955
5330 38.099998 21.900000 10.000000 76 0.167534
2877 35.900002 25.100000 70.000000 77 0.095147
2878 35.900002 25.100000 50.000000 54 0.093685
2883 35.900002 25.299999 50.000000 37 0.106545
3113 36.099998 25.299999 50.000000 41 0.100556
3114 36.099998 25.299999 30.000000 19 0.131298
2643 35.700001 24.900000 50.000000 176 0.095314
3108 36.099998 25.100000 50.000000 44 0.096613
2882 35.900002 25.299999 70.000000 56 0.094347
3107 36.099998 25.100000 70.000000 32 0.096082
3112 36.099998 25.299999 70.000000 22 0.104616
3118 36.099998 25.500000 50.000000 41 0.104448
2673 35.700001 26.100000 50.000000 205 0.089687
2443 35.500000 26.100000 50.000000 232 0.099195
2448 35.500000 26.299999 50.000000 211 0.101360
1724 34.900002 24.900000 30.000000 4 0.284709
2649 35.700001 25.100000 30.000000 14 0.117982
2879 35.900002 25.100000 30.000000 5 0.118357
2884 35.900002 25.299999 30.000000 14 0.126410
5573 38.299999 22.500000 50.000000 192 0.099800
5578 38.299999 22.700001 50.000000 69 0.090450
5583 38.299999 22.900000 50.000000 85 0.092859
4195 37.099998 22.500000 10.000000 7 0.144346
5588 38.299999 23.100000 50.000000 27 0.092211
5593 38.299999 23.299999 50.000000 9 0.080132
5368 38.099998 23.500000 50.000000 43 0.100640
3974 36.900002 22.900000 30.000000 324 0.124497
3975 36.900002 22.900000 10.000000 274 0.124578
4197 37.099998 22.700001 70.000000 47 0.111861
4202 37.099998 22.900000 70.000000 90 0.096498
4678 37.500000 23.500000 50.000000 181 0.092008
4679 37.500000 23.500000 30.000000 86 0.096185
4229 37.099998 23.900000 30.000000 15 0.096387
3172 36.099998 27.700001 70.000000 39 0.088650
3833 36.700001 26.500000 50.000000 56 0.092646
4686 37.500000 23.900000 90.000000 79 0.098032
4916 37.700001 23.900000 90.000000 32 0.103529
4917 37.700001 23.900000 70.000000 22 0.130711
4691 37.500000 24.100000 90.000000 60 0.116325
4692 37.500000 24.100000 70.000000 13 0.136153
4693 37.500000 24.100000 50.000000 58 0.093033
4698 37.500000 24.299999 50.000000 28 0.103380
4929 37.700001 24.299999 30.000000 42 0.091074
4681 37.500000 23.700001 90.000000 69 0.093665
4676 37.500000 23.500000 90.000000 102 0.093657
4677 37.500000 23.500000 70.000000 41 0.132459
4461 37.299999 24.100000 90.000000 52 0.106448
4466 37.299999 24.299999 90.000000 19 0.121306
4467 37.299999 24.299999 70.000000 9 0.137313
4474 37.299999 24.500000 30.000000 19 0.088800
4911 37.700001 23.700001 90.000000 38 0.094641
5142 37.900002 23.700001 70.000000 13 0.142402
4921 37.700001 24.100000 90.000000 19 0.133811
4922 37.700001 24.100000 70.000000 10 0.124959
5152 37.900002 24.100000 70.000000 4 0.093416
5157 37.900002 24.299999 70.000000 2 0.095087
5158 37.900002 24.299999 50.000000 5 0.097408
5159 37.900002 24.299999 30.000000 37 0.083319
5389 38.099998 24.299999 30.000000 3 0.077020
4696 37.500000 24.299999 90.000000 14 0.132126
4701 37.500000 24.500000 90.000000 9 0.130023
4702 37.500000 24.500000 70.000000 11 0.121978
4703 37.500000 24.500000 50.000000 34 0.085450
4714 37.500000 24.900000 30.000000 14 0.119626
4926 37.700001 24.299999 90.000000 2 0.149259
4931 37.700001 24.500000 90.000000 1 0.134744
4932 37.700001 24.500000 70.000000 3 0.126983
4933 37.700001 24.500000 50.000000 5 0.130172
4938 37.700001 24.700001 50.000000 4 0.109748
5174 37.900002 24.900000 30.000000 1 0.134744
4451 37.299999 23.700001 90.000000 56 0.090573
4471 37.299999 24.500000 90.000000 11 0.123168
4472 37.299999 24.500000 70.000000 7 0.128382
4477 37.299999 24.700001 70.000000 16 0.120133
4254 37.099998 24.900000 30.000000 65 0.092081
4662 37.500000 22.900000 70.000000 208 0.102641
4706 37.500000 24.700001 90.000000 6 0.117242
4707 37.500000 24.700001 70.000000 4 0.154093
4712 37.500000 24.900000 70.000000 2 0.100678
4713 37.500000 24.900000 50.000000 2 0.087988
4718 37.500000 25.100000 50.000000 3 0.124940
4719 37.500000 25.100000 30.000000 12 0.085601
4724 37.500000 25.299999 30.000000 9 0.133215
4236 37.099998 24.299999 90.000000 18 0.135353
4241 37.099998 24.500000 90.000000 32 0.126621
4476 37.299999 24.700001 90.000000 15 0.114853
4252 37.099998 24.900000 70.000000 10 0.127146
4270 37.099998 25.500000 10.000000 167 0.092706
4206 37.099998 23.100000 90.000000 14 0.085119
4482 37.299999 24.900000 70.000000 7 0.124476
4487 37.299999 25.100000 70.000000 7 0.148225
4246 37.099998 24.700001 90.000000 9 0.148060
4022 36.900002 24.900000 70.000000 14 0.107844
4456 37.299999 23.900000 90.000000 47 0.099515
3986 36.900002 23.500000 90.000000 53 0.082741
3756 36.700001 23.500000 90.000000 11 0.071573
3518 36.500000 23.100000 50.000000 239 0.120440
3519 36.500000 23.100000 30.000000 261 0.140150
4891 37.700001 22.900000 90.000000 33 0.085976
4436 37.299999 23.100000 90.000000 63 0.083346
4431 37.299999 22.900000 90.000000 16 0.071467
4432 37.299999 22.900000 70.000000 124 0.093732
4427 37.299999 22.700001 70.000000 74 0.091438
4422 37.299999 22.500000 70.000000 12 0.072055
4661 37.500000 22.900000 90.000000 27 0.076722
4656 37.500000 22.700001 90.000000 7 0.075586
4652 37.500000 22.500000 70.000000 40 0.106854
4481 37.299999 24.900000 90.000000 14 0.112227
4251 37.099998 24.900000 90.000000 17 0.129578
4256 37.099998 25.100000 90.000000 31 0.158339
4257 37.099998 25.100000 70.000000 9 0.206872
4262 37.099998 25.299999 70.000000 4 0.145314
4201 37.099998 22.900000 90.000000 7 0.082399
4196 37.099998 22.700001 90.000000 2 0.062994
3273 36.299999 22.500000 50.000000 9 0.133297
3274 36.299999 22.500000 30.000000 4 0.202782
3278 36.299999 22.700001 50.000000 11 0.137158
3279 36.299999 22.700001 30.000000 54 0.126982
3268 36.299999 22.299999 50.000000 3 0.131490
3498 36.500000 22.299999 50.000000 12 0.117574
3725 36.700001 22.100000 10.000000 9 0.140478
2948 35.900002 27.900000 50.000000 61 0.107110
3068 36.099998 23.500000 50.000000 860 0.106500
3063 36.099998 23.299999 50.000000 609 0.126117
3064 36.099998 23.299999 30.000000 301 0.164346
3059 36.099998 23.100000 30.000000 153 0.159608
3298 36.299999 23.500000 50.000000 952 0.096513
3520 36.500000 23.100000 10.000000 154 0.149227
3515 36.500000 22.900000 10.000000 115 0.155582
3288 36.299999 23.100000 50.000000 128 0.124802
3514 36.500000 22.900000 30.000000 81 0.142014
3740 36.700001 22.700001 10.000000 44 0.128936
3303 36.299999 23.700001 50.000000 535 0.085564
3313 36.299999 24.100000 50.000000 243 0.084452
3543 36.500000 24.100000 50.000000 261 0.083368
3548 36.500000 24.299999 50.000000 246 0.088282
3549 36.500000 24.299999 30.000000 137 0.115372
3554 36.500000 24.500000 30.000000 123 0.105330
3560 36.500000 24.700001 10.000000 64 0.097226
3533 36.500000 23.700001 50.000000 309 0.084691
3538 36.500000 23.900000 50.000000 264 0.086328
3774 36.700001 24.100000 30.000000 113 0.109046
4459 37.299999 23.900000 30.000000 82 0.080254
4690 37.500000 23.900000 10.000000 66 0.082692
3553 36.500000 24.500000 50.000000 174 0.080810
4249 37.099998 24.700001 30.000000 52 0.082053
4479 37.299999 24.700001 30.000000 38 0.071277
4480 37.299999 24.700001 10.000000 25 0.069413
4485 37.299999 24.900000 10.000000 29 0.075461
4704 37.500000 24.500000 30.000000 33 0.082556
4940 37.700001 24.700001 10.000000 23 0.069482
3073 36.099998 23.700001 50.000000 234 0.097760
2843 35.900002 23.700001 50.000000 179 0.109935
2848 35.900002 23.900000 50.000000 238 0.103770
2618 35.700001 23.900000 50.000000 62 0.125161
2623 35.700001 24.100000 50.000000 161 0.110277
2624 35.700001 24.100000 30.000000 166 0.115156
2394 35.500000 24.100000 30.000000 143 0.121570
2400 35.500000 24.299999 10.000000 192 0.121808
2170 35.299999 24.299999 10.000000 37 0.139619
3784 36.700001 24.500000 30.000000 70 0.102098
3299 36.299999 23.500000 30.000000 210 0.133707
3295 36.299999 23.299999 10.000000 38 0.112065
3524 36.500000 23.299999 30.000000 222 0.120606
3529 36.500000 23.500000 30.000000 78 0.096424
3759 36.700001 23.500000 30.000000 34 0.098754
4215 37.099998 23.299999 10.000000 36 0.143801
3534 36.500000 23.700001 30.000000 15 0.099919
3764 36.700001 23.700001 30.000000 16 0.093838
3994 36.900002 23.700001 30.000000 11 0.097493
4224 37.099998 23.700001 30.000000 10 0.103120
4454 37.299999 23.700001 30.000000 35 0.095319
2838 35.900002 23.500000 50.000000 46 0.137916
3318 36.299999 24.299999 50.000000 111 0.095331
3509 36.500000 22.700001 30.000000 85 0.129202
5160 37.900002 24.299999 10.000000 35 0.083109
3062 36.099998 23.299999 70.000000 107 0.091541
3058 36.099998 23.100000 50.000000 10 0.147847
3067 36.099998 23.500000 70.000000 61 0.073520
3297 36.299999 23.500000 70.000000 63 0.079976
3292 36.299999 23.299999 70.000000 66 0.088593
3302 36.299999 23.700001 70.000000 73 0.089594
2410 35.500000 24.700001 10.000000 93 0.089891
2398 35.500000 24.299999 50.000000 52 0.109286
4014 36.900002 24.500000 30.000000 36 0.095438
2403 35.500000 24.500000 50.000000 91 0.116265
3340 36.299999 25.100000 10.000000 13 0.110384
3503 36.500000 22.500000 50.000000 8 0.103608
3069 36.099998 23.500000 30.000000 133 0.132074
3510 36.500000 22.700001 10.000000 62 0.127256
3161 36.099998 27.299999 90.000000 4 0.080601
2926 35.900002 27.100000 90.000000 2 0.064487
2698 35.700001 27.100000 50.000000 135 0.094437
3401 36.299999 27.700001 90.000000 6 0.073884
3065 36.099998 23.299999 10.000000 80 0.142657
3074 36.099998 23.700001 30.000000 40 0.105136
2844 35.900002 23.700001 30.000000 123 0.119671
2849 35.900002 23.900000 30.000000 119 0.104595
2619 35.700001 23.900000 30.000000 151 0.116023
3304 36.299999 23.700001 30.000000 39 0.101137
3309 36.299999 23.900000 30.000000 31 0.100913
3314 36.299999 24.100000 30.000000 31 0.107140
3544 36.500000 24.100000 30.000000 77 0.121608
3079 36.099998 23.900000 30.000000 21 0.085018
2854 35.900002 24.100000 30.000000 52 0.120881
3539 36.500000 23.900000 30.000000 60 0.120135
4087 36.900002 27.500000 70.000000 27 0.095707
4542 37.299999 27.299999 70.000000 4 0.106707
4774 37.500000 27.299999 30.000000 34 0.096972
3871 36.700001 28.100000 90.000000 3 0.061786
4113 36.900002 28.500000 50.000000 23 0.084086
4114 36.900002 28.500000 30.000000 41 0.085182
3779 36.700001 24.299999 30.000000 86 0.134449
3769 36.700001 23.900000 30.000000 37 0.100728
4010 36.900002 24.299999 10.000000 18 0.102344
2834 35.900002 23.299999 30.000000 124 0.180024
3182 36.099998 28.100000 70.000000 54 0.096444
3417 36.299999 28.299999 70.000000 21 0.094354
3412 36.299999 28.100000 70.000000 34 0.087695
3407 36.299999 27.900000 70.000000 45 0.090470
2852 35.900002 24.100000 70.000000 19 0.105455
2839 35.900002 23.500000 30.000000 83 0.116552
2840 35.900002 23.500000 10.000000 73 0.116468
3177 36.099998 27.900000 70.000000 49 0.093172
3127 36.099998 25.900000 70.000000 35 0.120658
3123 36.099998 25.700001 50.000000 65 0.103386
2908 35.900002 26.299999 50.000000 105 0.086213
3377 36.299999 26.700001 70.000000 13 0.103789
2469 35.500000 27.100000 30.000000 36 0.130215
4102 36.900002 28.100000 70.000000 55 0.116344
4553 37.299999 27.700001 50.000000 14 0.087887
4779 37.500000 27.500000 30.000000 5 0.092695
4327 37.099998 27.900000 70.000000 8 0.085440
3989 36.900002 23.500000 30.000000 9 0.092064
2903 35.900002 26.100000 50.000000 71 0.096823
2438 35.500000 25.900000 50.000000 297 0.094674
2433 35.500000 25.700001 50.000000 268 0.094692
2898 35.900002 25.900000 50.000000 73 0.097330
3379 36.299999 26.700001 30.000000 14 0.104683
4288 37.099998 26.299999 50.000000 7 0.097735
4289 37.099998 26.299999 30.000000 4 0.106500
4519 37.299999 26.299999 30.000000 7 0.092990
4749 37.500000 26.299999 30.000000 13 0.096511
4063 36.900002 26.500000 50.000000 18 0.084631
4293 37.099998 26.500000 50.000000 8 0.092647
4298 37.099998 26.700001 50.000000 13 0.081716
4528 37.299999 26.700001 50.000000 18 0.089031
4760 37.500000 26.700001 10.000000 6 0.080184
4990 37.700001 26.700001 10.000000 8 0.085538
3832 36.700001 26.500000 70.000000 62 0.132512
4322 37.099998 27.700001 70.000000 8 0.089306
4036 36.900002 25.500000 90.000000 23 0.170956
4037 36.900002 25.500000 70.000000 9 0.164168
3806 36.700001 25.500000 90.000000 20 0.166320
3807 36.700001 25.500000 70.000000 21 0.163600
3802 36.700001 25.299999 70.000000 21 0.181567
4041 36.900002 25.700001 90.000000 8 0.173293
4042 36.900002 25.700001 70.000000 29 0.133076
4031 36.900002 25.299999 90.000000 37 0.164675
4032 36.900002 25.299999 70.000000 20 0.181016
3812 36.700001 25.700001 70.000000 29 0.133041
4027 36.900002 25.100000 70.000000 15 0.163632
4266 37.099998 25.500000 90.000000 1 0.182465
4496 37.299999 25.500000 90.000000 1 0.182465
4497 37.299999 25.500000 70.000000 1 0.182465
4498 37.299999 25.500000 50.000000 4 0.104898
4493 37.299999 25.299999 50.000000 5 0.131269
4261 37.099998 25.299999 90.000000 11 0.124240
4484 37.299999 24.900000 30.000000 26 0.098327
3811 36.700001 25.700001 90.000000 13 0.154672
3830 36.700001 26.299999 10.000000 1 0.133587
4026 36.900002 25.100000 90.000000 28 0.158876
4491 37.299999 25.299999 90.000000 2 0.115327
4486 37.299999 25.100000 90.000000 5 0.130631
4716 37.500000 25.100000 90.000000 1 0.072026
4717 37.500000 25.100000 70.000000 1 0.072026
4948 37.700001 25.100000 50.000000 1 0.072026
4949 37.700001 25.100000 30.000000 2 0.061444
4705 37.500000 24.500000 10.000000 4 0.095161
4711 37.500000 24.900000 90.000000 3 0.101416
4937 37.700001 24.700001 70.000000 3 0.101416
5168 37.900002 24.700001 50.000000 1 0.055480
5163 37.900002 24.500000 50.000000 5 0.102370
5164 37.900002 24.500000 30.000000 7 0.093666
5165 37.900002 24.500000 10.000000 3 0.101416
5395 38.099998 24.500000 10.000000 3 0.101416
3801 36.700001 25.299999 90.000000 50 0.155628
3571 36.500000 25.299999 90.000000 33 0.107386
3111 36.099998 25.299999 90.000000 53 0.087038
3106 36.099998 25.100000 90.000000 66 0.096161
2876 35.900002 25.100000 90.000000 27 0.084864
3367 36.299999 26.299999 70.000000 32 0.128137
3838 36.700001 26.700001 50.000000 47 0.084898
3839 36.700001 26.700001 30.000000 10 0.099489
4080 36.900002 27.100000 10.000000 3 0.123036
5806 38.500000 22.700001 90.000000 7 0.092020
5576 38.299999 22.700001 90.000000 33 0.092504
5577 38.299999 22.700001 70.000000 51 0.098480
5571 38.299999 22.500000 90.000000 5 0.076911
5572 38.299999 22.500000 70.000000 48 0.095047
5581 38.299999 22.900000 90.000000 33 0.107521
5582 38.299999 22.900000 70.000000 24 0.121518
5587 38.299999 23.100000 70.000000 12 0.114236
5352 38.099998 22.900000 70.000000 90 0.108766
5811 38.500000 22.900000 90.000000 1 0.090625
5357 38.099998 23.100000 70.000000 33 0.116728
5362 38.099998 23.299999 70.000000 25 0.098000
5346 38.099998 22.700001 90.000000 41 0.085541
4302 37.099998 26.900000 70.000000 12 0.098120
1494 34.700001 24.900000 30.000000 1 0.224398
4767 37.500000 27.100000 70.000000 3 0.115418
4993 37.700001 26.900000 50.000000 6 0.117079
5224 37.900002 26.900000 30.000000 11 0.105230
2243 35.299999 27.299999 50.000000 2 0.126560
2238 35.299999 27.100000 50.000000 1 0.115641
2239 35.299999 27.100000 30.000000 6 0.126629
2240 35.299999 27.100000 10.000000 2 0.126560
2235 35.299999 26.900000 10.000000 2 0.126560
2453 35.500000 26.500000 50.000000 160 0.107520
2703 35.700001 27.299999 50.000000 33 0.090559
2203 35.299999 25.700001 50.000000 53 0.102173
2198 35.299999 25.500000 50.000000 61 0.123502
3647 36.500000 28.299999 70.000000 14 0.100459
3888 36.700001 28.700001 50.000000 4 0.106486
3536 36.500000 23.900000 90.000000 29 0.077171
3547 36.500000 24.299999 70.000000 48 0.105014
3552 36.500000 24.500000 70.000000 28 0.106690
3747 36.700001 23.100000 70.000000 17 0.112721
2193 35.299999 25.299999 50.000000 49 0.127336
2188 35.299999 25.100000 50.000000 26 0.125972
2183 35.299999 24.900000 50.000000 17 0.143739
2888 35.900002 25.500000 50.000000 45 0.107654
3999 36.900002 23.900000 30.000000 25 0.084925
3428 36.299999 28.700001 50.000000 18 0.108675
3880 36.700001 28.299999 10.000000 6 0.129597
3189 36.099998 28.299999 30.000000 16 0.180739
2681 35.700001 26.500000 90.000000 7 0.104148
4880 37.700001 22.299999 10.000000 7 0.187159
2952 35.900002 28.100000 70.000000 18 0.083220
2953 35.900002 28.100000 50.000000 13 0.115946
2949 35.900002 27.900000 30.000000 20 0.162857
2950 35.900002 27.900000 10.000000 9 0.155172
2947 35.900002 27.900000 70.000000 15 0.085678
2713 35.700001 27.700001 50.000000 29 0.099661
2708 35.700001 27.500000 50.000000 36 0.091695
4470 37.299999 24.299999 10.000000 10 0.065841
3324 36.299999 24.500000 30.000000 40 0.107810
4015 36.900002 24.500000 10.000000 21 0.114301
2692 35.700001 26.900000 70.000000 12 0.076699
2686 35.700001 26.700001 90.000000 1 0.094596
2687 35.700001 26.700001 70.000000 27 0.084167
2932 35.900002 27.299999 70.000000 33 0.079396
4518 37.299999 26.299999 50.000000 1 0.123832
2893 35.900002 25.700001 50.000000 52 0.104728
3370 36.299999 26.299999 10.000000 1 0.157241
4283 37.099998 26.100000 50.000000 7 0.075578
4107 36.900002 28.299999 70.000000 11 0.120208
5000 37.700001 27.100000 10.000000 8 0.087780
4332 37.099998 28.100000 70.000000 1 0.075477
4558 37.299999 27.900000 50.000000 2 0.063978
4783 37.500000 27.700001 50.000000 2 0.063978
2942 35.900002 27.700001 70.000000 12 0.077875
2474 35.500000 27.299999 30.000000 12 0.130530
3149 36.099998 26.700001 30.000000 7 0.103743
2247 35.299999 27.500000 70.000000 7 0.092814
2248 35.299999 27.500000 50.000000 2 0.121230
2244 35.299999 27.299999 30.000000 3 0.145010
2477 35.500000 27.500000 70.000000 5 0.087497
2478 35.500000 27.500000 50.000000 4 0.120323
2483 35.500000 27.700001 50.000000 3 0.111481
2714 35.700001 27.700001 30.000000 17 0.130718
2707 35.700001 27.500000 70.000000 2 0.068865
2482 35.500000 27.700001 70.000000 3 0.068694
2712 35.700001 27.700001 70.000000 3 0.071698
2252 35.299999 27.700001 70.000000 1 0.074733
2487 35.500000 27.900000 70.000000 4 0.078873
2717 35.700001 27.900000 70.000000 4 0.098404
2718 35.700001 27.900000 50.000000 11 0.102350
2719 35.700001 27.900000 30.000000 8 0.165153
2710 35.700001 27.500000 10.000000 4 0.148140
3185 36.099998 28.100000 10.000000 87 0.126938
2954 35.900002 28.100000 30.000000 7 0.127750
3319 36.299999 24.299999 30.000000 29 0.110599
5097 37.900002 21.900000 70.000000 21 0.109647
5328 38.099998 21.900000 50.000000 402 0.158733
5329 38.099998 21.900000 30.000000 240 0.176782
5110 37.900002 22.299999 10.000000 432 0.126182
5102 37.900002 22.100000 70.000000 25 0.117564
4082 36.900002 27.299999 70.000000 15 0.098936
4062 36.900002 26.500000 70.000000 6 0.103100
2889 35.900002 25.500000 30.000000 8 0.152449
2262 35.299999 28.100000 70.000000 6 0.109702
2492 35.500000 28.100000 70.000000 5 0.110646
2493 35.500000 28.100000 50.000000 2 0.156236
2488 35.500000 27.900000 50.000000 3 0.095132
2479 35.500000 27.500000 30.000000 3 0.103845
2475 35.500000 27.299999 10.000000 55 0.099900
2257 35.299999 27.900000 70.000000 1 0.104981
2258 35.299999 27.900000 50.000000 1 0.104981
2253 35.299999 27.700001 50.000000 1 0.104981
2473 35.500000 27.299999 50.000000 17 0.094051
2470 35.500000 27.100000 10.000000 247 0.109678
2723 35.700001 28.100000 50.000000 2 0.134835
4710 37.500000 24.700001 10.000000 14 0.080087
2174 35.299999 24.500000 30.000000 46 0.148459
3193 36.099998 28.500000 50.000000 11 0.135653
3429 36.299999 28.700001 30.000000 2 0.104221
3664 36.500000 28.900000 30.000000 5 0.133588
4297 37.099998 26.700001 70.000000 9 0.110000
4758 37.500000 26.700001 50.000000 7 0.106356
2168 35.299999 24.299999 50.000000 38 0.138455
2169 35.299999 24.299999 30.000000 42 0.154923
2173 35.299999 24.500000 50.000000 41 0.169104
4645 37.500000 22.100000 10.000000 9 0.194334
3101 36.099998 24.900000 90.000000 40 0.086754
3336 36.299999 25.100000 90.000000 67 0.105147
3567 36.500000 25.100000 70.000000 11 0.156980
3331 36.299999 24.900000 90.000000 44 0.090227
2872 35.900002 24.900000 70.000000 74 0.081498
2873 35.900002 24.900000 50.000000 84 0.086708
3420 36.299999 28.299999 10.000000 3 0.125463
4785 37.500000 27.700001 10.000000 4 0.084082
5147 37.900002 23.900000 70.000000 11 0.162751
5148 37.900002 23.900000 50.000000 30 0.131240
5153 37.900002 24.100000 50.000000 7 0.106455
5154 37.900002 24.100000 30.000000 18 0.074889
4682 37.500000 23.700001 70.000000 31 0.121362
4687 37.500000 23.900000 70.000000 27 0.132289
4697 37.500000 24.299999 70.000000 11 0.113346
4927 37.700001 24.299999 70.000000 3 0.116936
4928 37.700001 24.299999 50.000000 10 0.109919
4934 37.700001 24.500000 30.000000 6 0.067365
5169 37.900002 24.700001 30.000000 4 0.077600
5170 37.900002 24.700001 10.000000 5 0.072953
2468 35.500000 27.100000 50.000000 23 0.090920
2958 35.900002 28.299999 50.000000 10 0.111111
3122 36.099998 25.700001 70.000000 18 0.123589
4046 36.900002 25.900000 90.000000 11 0.138809
4250 37.099998 24.700001 10.000000 4 0.087409
2963 35.900002 28.500000 50.000000 7 0.104723
2959 35.900002 28.299999 30.000000 2 0.125992
2847 35.900002 23.900000 70.000000 11 0.106825
3077 36.099998 23.900000 70.000000 54 0.087350
4334 37.099998 28.100000 30.000000 1 0.135245
3840 36.700001 26.700001 10.000000 3 0.092449
3835 36.700001 26.500000 10.000000 3 0.092449
2935 35.900002 27.299999 10.000000 1 0.078564
4059 36.900002 26.299999 30.000000 12 0.099431
4522 37.299999 26.500000 70.000000 5 0.089014
4523 37.299999 26.500000 50.000000 7 0.095415
4753 37.500000 26.500000 50.000000 5 0.101574
4061 36.900002 26.500000 90.000000 11 0.105496
4286 37.099998 26.299999 90.000000 4 0.093367
4281 37.099998 26.100000 90.000000 5 0.097823
4282 37.099998 26.100000 70.000000 4 0.104149
4277 37.099998 25.900000 70.000000 5 0.098355
4507 37.299999 25.900000 70.000000 3 0.103093
4508 37.299999 25.900000 50.000000 4 0.090358
4503 37.299999 25.700001 50.000000 7 0.089942
4729 37.500000 25.500000 30.000000 4 0.103227
4276 37.099998 25.900000 90.000000 3 0.093992
4272 37.099998 25.700001 70.000000 1 0.075414
4502 37.299999 25.700001 70.000000 2 0.089090
4011 36.900002 24.500000 90.000000 25 0.105224
4016 36.900002 24.700001 90.000000 7 0.124395
4021 36.900002 24.900000 90.000000 11 0.121092
3797 36.700001 25.100000 70.000000 11 0.146907
4231 37.099998 24.100000 90.000000 40 0.123881
4226 37.099998 23.900000 90.000000 70 0.097128
3091 36.099998 24.500000 90.000000 12 0.085766
3096 36.099998 24.700001 90.000000 30 0.088989
5592 38.299999 23.299999 70.000000 4 0.093218
5351 38.099998 22.900000 90.000000 123 0.099162
5341 38.099998 22.500000 90.000000 8 0.087574
5356 38.099998 23.100000 90.000000 41 0.096666
4877 37.700001 22.299999 70.000000 8 0.106148
5586 38.299999 23.100000 90.000000 3 0.086737
5597 38.299999 23.500000 70.000000 1 0.108910
5367 38.099998 23.500000 70.000000 5 0.111212
5137 37.900002 23.500000 70.000000 18 0.124211
4475 37.299999 24.500000 10.000000 2 0.066645
5591 38.299999 23.299999 90.000000 1 0.053421
5361 38.099998 23.299999 90.000000 13 0.092661
5372 38.099998 23.700001 70.000000 2 0.132394
5377 38.099998 23.900000 70.000000 3 0.196282
5383 38.099998 24.100000 50.000000 2 0.056371
5388 38.099998 24.299999 50.000000 1 0.053421
4998 37.700001 27.100000 50.000000 4 0.094521
4333 37.099998 28.100000 50.000000 4 0.077690
4559 37.299999 27.900000 30.000000 1 0.095764
4985 37.700001 26.500000 10.000000 6 0.079365
4069 36.900002 26.700001 30.000000 3 0.074701
4064 36.900002 26.500000 30.000000 2 0.065106
4060 36.900002 26.299999 10.000000 2 0.065106
3360 36.299999 25.900000 10.000000 54 0.132892
2661 35.700001 25.700001 90.000000 19 0.086981
3422 36.299999 28.500000 70.000000 1 0.068265
3791 36.700001 24.900000 90.000000 9 0.161124
3796 36.700001 25.100000 90.000000 11 0.183444
3561 36.500000 24.900000 90.000000 12 0.093325
2437 35.500000 25.900000 70.000000 17 0.091747
3834 36.700001 26.500000 30.000000 9 0.114815
4299 37.099998 26.700001 30.000000 6 0.069976
4300 37.099998 26.700001 10.000000 1 0.065180
3855 36.700001 27.299999 10.000000 2 0.068454
4545 37.299999 27.299999 10.000000 1 0.027087
3424 36.299999 28.500000 30.000000 2 0.133485
4294 37.099998 26.500000 30.000000 1 0.108919
3130 36.099998 25.900000 10.000000 4 0.111050
3365 36.299999 26.100000 10.000000 6 0.127157
3316 36.299999 24.299999 90.000000 32 0.084321
4462 37.299999 24.100000 70.000000 12 0.135684
4020 36.900002 24.700001 10.000000 4 0.116831
4339 37.099998 28.299999 30.000000 1 0.106341
3531 36.500000 23.700001 90.000000 23 0.088683
3301 36.299999 23.700001 90.000000 3 0.086099
3576 36.500000 25.500000 90.000000 16 0.149921
3718 36.700001 21.900000 50.000000 4 0.192933
3488 36.500000 21.900000 50.000000 1 0.174075
3489 36.500000 21.900000 30.000000 7 0.231134
3948 36.900002 21.900000 50.000000 2 0.137721
4867 37.700001 21.900000 70.000000 7 0.098233
4872 37.700001 22.100000 70.000000 7 0.100975
4450 37.299999 23.500000 10.000000 1 0.114801
1704 34.900002 24.100000 30.000000 14 0.160922
1940 35.099998 24.299999 10.000000 1 0.139763
3650 36.500000 28.299999 10.000000 2 0.146756
5008 37.700001 27.500000 50.000000 1 0.052480
5234 37.900002 27.299999 30.000000 1 0.052480
4292 37.099998 26.500000 70.000000 5 0.090944
4524 37.299999 26.500000 30.000000 3 0.084480
1469 34.700001 23.900000 30.000000 2 0.120644
1474 34.700001 24.100000 30.000000 1 0.167352
1699 34.900002 23.900000 30.000000 10 0.158324
1934 35.099998 24.100000 30.000000 36 0.157360
2164 35.299999 24.100000 30.000000 52 0.153781
2864 35.900002 24.500000 30.000000 5 0.089033
3094 36.099998 24.500000 30.000000 10 0.116572
3330 36.299999 24.700001 10.000000 1 0.073936
4552 37.299999 27.700001 70.000000 2 0.077457
4190 37.099998 22.299999 10.000000 7 0.138365
2604 35.700001 23.299999 30.000000 66 0.190403
2609 35.700001 23.500000 30.000000 24 0.162571
2379 35.500000 23.500000 30.000000 99 0.193221
2384 35.500000 23.700001 30.000000 110 0.185612
2389 35.500000 23.900000 30.000000 62 0.167552
2614 35.700001 23.700001 30.000000 70 0.126308
3084 36.099998 24.100000 30.000000 13 0.089918
3089 36.099998 24.299999 30.000000 10 0.090012
1964 35.099998 25.299999 30.000000 20 0.131637
2654 35.700001 25.299999 30.000000 9 0.117970
4311 37.099998 27.299999 90.000000 2 0.092759
3405 36.299999 27.700001 10.000000 1 0.136762
3785 36.700001 24.500000 10.000000 179 0.129781
3072 36.099998 23.700001 70.000000 32 0.091074
4723 37.500000 25.299999 50.000000 1 0.050862
4950 37.700001 25.100000 10.000000 1 0.050862
3526 36.500000 23.500000 90.000000 4 0.068559
3751 36.700001 23.299999 90.000000 3 0.077133
5131 37.900002 23.299999 90.000000 54 0.096844
3039 36.099998 22.299999 30.000000 4 0.180148
3269 36.299999 22.299999 30.000000 4 0.254468
3275 36.299999 22.500000 10.000000 2 0.245731
3044 36.099998 22.500000 30.000000 2 0.056489
3049 36.099998 22.700001 30.000000 1 -0.042067
3050 36.099998 22.700001 10.000000 1 -0.042067
3264 36.299999 22.100000 30.000000 1 0.149841
3495 36.500000 22.100000 10.000000 1 0.149841
3566 36.500000 25.100000 90.000000 13 0.109591
5155 37.900002 24.100000 10.000000 3 0.077139
4536 37.299999 27.100000 90.000000 1 0.107033
3109 36.099998 25.100000 30.000000 18 0.110212
3980 36.900002 23.100000 10.000000 10 0.086454
4513 37.299999 26.100000 50.000000 1 0.051290
4509 37.299999 25.900000 30.000000 1 0.051290
3780 36.700001 24.299999 10.000000 155 0.129692
4271 37.099998 25.700001 90.000000 1 0.103795
4511 37.299999 26.100000 90.000000 1 0.103795
4516 37.299999 26.299999 90.000000 1 0.103795
4517 37.299999 26.299999 70.000000 1 0.103795
4747 37.500000 26.299999 70.000000 1 0.103795
4752 37.500000 26.500000 70.000000 1 0.103795
4989 37.700001 26.700001 30.000000 3 0.088395
2871 35.900002 24.900000 90.000000 11 0.071266
2637 35.700001 24.700001 70.000000 38 0.090246
4317 37.099998 27.500000 70.000000 3 0.096485
3944 36.900002 21.700001 30.000000 2 0.145944
1943 35.099998 24.500000 50.000000 23 0.147384
5318 38.099998 21.500000 50.000000 25 0.130467
5323 38.099998 21.700001 50.000000 48 0.125420
5324 38.099998 21.700001 30.000000 130 0.173748
2859 35.900002 24.299999 30.000000 6 0.109465
4173 37.099998 21.700001 50.000000 2 0.256855
3166 36.099998 27.500000 90.000000 4 0.118453
2937 35.900002 27.500000 70.000000 12 0.082950
3171 36.099998 27.700001 90.000000 1 0.054468
5136 37.900002 23.500000 90.000000 32 0.088028
5141 37.900002 23.700001 90.000000 16 0.107560
4531 37.299999 26.900000 90.000000 2 0.144846
4291 37.099998 26.500000 90.000000 5 0.103212
4748 37.500000 26.299999 50.000000 2 0.125834
3125 36.099998 25.700001 10.000000 3 0.154434
4284 37.099998 26.100000 30.000000 4 0.073261
4514 37.299999 26.100000 30.000000 2 0.050550
4910 37.700001 23.500000 10.000000 30 0.102766
2603 35.700001 23.299999 50.000000 24 0.129868
2608 35.700001 23.500000 50.000000 24 0.142646
2420 35.500000 25.100000 10.000000 43 0.104571
4762 37.500000 26.900000 70.000000 3 0.118741
4287 37.099998 26.299999 70.000000 1 0.103000
4512 37.299999 26.100000 70.000000 1 0.103000
2833 35.900002 23.299999 50.000000 5 0.171680
3493 36.500000 22.100000 50.000000 2 0.137961
2229 35.299999 26.700001 30.000000 14 0.084716
4105 36.900002 28.100000 10.000000 1 0.104314
2666 35.700001 25.900000 90.000000 21 0.085595
2427 35.500000 25.500000 70.000000 12 0.081575
5146 37.900002 23.900000 90.000000 12 0.157621
5156 37.900002 24.299999 90.000000 1 0.163775
3981 36.900002 23.299999 90.000000 28 0.094473
3976 36.900002 23.100000 90.000000 5 0.063645
3506 36.500000 22.700001 90.000000 7 0.081008
3736 36.700001 22.700001 90.000000 2 0.066803
3731 36.700001 22.500000 90.000000 1 0.088576
3957 36.900002 22.299999 70.000000 1 0.088576
3291 36.299999 23.299999 90.000000 2 0.069437
3521 36.500000 23.299999 90.000000 4 0.071921
3516 36.500000 23.100000 90.000000 2 0.065342
3966 36.900002 22.700001 90.000000 1 0.081524
3296 36.299999 23.500000 90.000000 2 0.076409
3511 36.500000 22.900000 90.000000 4 0.059003
3746 36.700001 23.100000 90.000000 2 0.058870
3741 36.700001 22.900000 90.000000 3 0.076497
3971 36.900002 22.900000 90.000000 8 0.098250
4521 37.299999 26.500000 90.000000 1 0.145837
4757 37.500000 26.700001 70.000000 1 0.134980
4492 37.299999 25.299999 70.000000 1 0.158629
4936 37.700001 24.700001 90.000000 2 0.124384
1714 34.900002 24.500000 30.000000 4 0.207575
5569 38.299999 22.299999 30.000000 226 0.109047
4275 37.099998 25.700001 10.000000 47 0.091841
2204 35.299999 25.700001 30.000000 292 0.093476
2205 35.299999 25.700001 10.000000 303 0.100493
2200 35.299999 25.500000 10.000000 306 0.095563
1970 35.099998 25.500000 10.000000 229 0.096425
2425 35.500000 25.299999 10.000000 14 0.079095
2395 35.500000 24.100000 10.000000 366 0.131468
2165 35.299999 24.100000 10.000000 28 0.180949
2390 35.500000 23.900000 10.000000 314 0.142182
1948 35.099998 24.700001 50.000000 6 0.161372
1953 35.099998 24.900000 50.000000 4 0.163501
1965 35.099998 25.299999 10.000000 9 0.130132
2163 35.299999 24.100000 50.000000 19 0.145484
2393 35.500000 24.100000 50.000000 28 0.135078
2388 35.500000 23.900000 50.000000 11 0.132281
2383 35.500000 23.700001 50.000000 18 0.145952
2610 35.700001 23.500000 10.000000 5 0.159321
3555 36.500000 24.500000 10.000000 44 0.118587
2209 35.299999 25.900000 30.000000 186 0.103817
5125 37.900002 22.900000 10.000000 144 0.135871
5355 38.099998 22.900000 10.000000 226 0.141935
5095 37.900002 21.700001 10.000000 158 0.161118
5325 38.099998 21.700001 10.000000 132 0.173583
5320 38.099998 21.500000 10.000000 142 0.179216
4420 37.299999 22.299999 10.000000 172 0.126423
2620 35.700001 23.900000 10.000000 109 0.117003
5130 37.900002 23.100000 10.000000 51 0.104484
5349 38.099998 22.700001 30.000000 97 0.135131
5350 38.099998 22.700001 10.000000 69 0.145766
5090 37.900002 21.500000 10.000000 26 0.198131
4915 37.700001 23.700001 10.000000 131 0.107458
2144 35.299999 23.299999 30.000000 68 0.181620
2149 35.299999 23.500000 30.000000 76 0.177818
2154 35.299999 23.700001 30.000000 70 0.179808
2159 35.299999 23.900000 30.000000 54 0.172454
2195 35.299999 25.299999 10.000000 128 0.104092
2155 35.299999 23.700001 10.000000 45 0.187136
2385 35.500000 23.700001 10.000000 110 0.164667
2210 35.299999 25.900000 10.000000 49 0.107703
2208 35.299999 25.900000 50.000000 52 0.118256
5565 38.299999 22.100000 10.000000 520 0.134289
5560 38.299999 21.900000 10.000000 280 0.129333
5570 38.299999 22.299999 10.000000 93 0.109427
5795 38.500000 22.100000 10.000000 240 0.123417
5794 38.500000 22.100000 30.000000 118 0.115847
5790 38.500000 21.900000 10.000000 170 0.141768
5558 38.299999 21.900000 50.000000 166 0.140076
5553 38.299999 21.700001 50.000000 62 0.111574
5554 38.299999 21.700001 30.000000 132 0.136867
5549 38.299999 21.500000 30.000000 55 0.117169
5779 38.500000 21.500000 30.000000 64 0.109600
5774 38.500000 21.299999 30.000000 57 0.106016
5775 38.500000 21.299999 10.000000 59 0.107881
6005 38.700001 21.299999 10.000000 7 0.057118
6000 38.700001 21.100000 10.000000 55 0.102654
3550 36.500000 24.299999 10.000000 58 0.129786
2432 35.500000 25.700001 70.000000 19 0.106534
2426 35.500000 25.500000 90.000000 1 0.073417
2192 35.299999 25.299999 70.000000 2 0.069658
2697 35.700001 27.100000 70.000000 5 0.070141
4279 37.099998 25.900000 30.000000 3 0.090637
5584 38.299999 22.900000 30.000000 79 0.095186
5814 38.500000 22.900000 30.000000 146 0.108368
5815 38.500000 22.900000 10.000000 151 0.107952
6045 38.700001 22.900000 10.000000 157 0.108047
5770 38.500000 21.100000 10.000000 52 0.114714
2442 35.500000 26.100000 70.000000 20 0.088605
2214 35.299999 26.100000 30.000000 130 0.105741
2213 35.299999 26.100000 50.000000 48 0.100281
5574 38.299999 22.500000 30.000000 146 0.118903
4886 37.700001 22.700001 90.000000 4 0.084610
5804 38.500000 22.500000 30.000000 42 0.116715
5809 38.500000 22.700001 30.000000 65 0.117902
5788 38.500000 21.900000 50.000000 32 0.148767
5789 38.500000 21.900000 30.000000 130 0.167315
6019 38.700001 21.900000 30.000000 40 0.158710
6020 38.700001 21.900000 10.000000 41 0.151653
6250 38.900002 21.900000 10.000000 43 0.156051
3775 36.700001 24.100000 10.000000 25 0.111118
5360 38.099998 23.100000 10.000000 6 0.124233
5116 37.900002 22.700001 90.000000 8 0.072852
5111 37.900002 22.500000 90.000000 4 0.078183
5575 38.299999 22.500000 10.000000 114 0.125686
5805 38.500000 22.500000 10.000000 114 0.125686
5559 38.299999 21.900000 30.000000 149 0.159311
5784 38.500000 21.700001 30.000000 105 0.127057
5785 38.500000 21.700001 10.000000 88 0.126456
5780 38.500000 21.500000 10.000000 97 0.129198
6010 38.700001 21.500000 10.000000 97 0.128287
4900 37.700001 23.100000 10.000000 45 0.106589
2588 35.700001 22.700001 50.000000 3 0.174234
2593 35.700001 22.900000 50.000000 7 0.145838
2594 35.700001 22.900000 30.000000 2 0.185687
2599 35.700001 23.100000 30.000000 20 0.179546
2598 35.700001 23.100000 50.000000 7 0.129328
2373 35.500000 23.299999 50.000000 33 0.175403
2378 35.500000 23.500000 50.000000 40 0.169990
5089 37.900002 21.500000 30.000000 37 0.179097
5793 38.500000 22.100000 50.000000 24 0.125981
3115 36.099998 25.299999 10.000000 2 0.126780
3120 36.099998 25.500000 10.000000 3 0.187752
5579 38.299999 22.700001 30.000000 55 0.109880
5580 38.299999 22.700001 10.000000 19 0.098345
2627 35.700001 24.299999 70.000000 7 0.096200
1935 35.099998 24.100000 10.000000 15 0.139894
1705 34.900002 24.100000 10.000000 48 0.160577
3116 36.099998 25.500000 90.000000 39 0.073109
5332 38.099998 22.100000 70.000000 34 0.126234
5562 38.299999 22.100000 70.000000 4 0.035919
4870 37.700001 21.900000 10.000000 21 0.167144
4865 37.700001 21.700001 10.000000 35 0.182745
5783 38.500000 21.700001 50.000000 5 0.082189
2613 35.700001 23.700001 50.000000 20 0.119614
2153 35.299999 23.700001 50.000000 14 0.155426
2158 35.299999 23.900000 50.000000 12 0.145586
1929 35.099998 23.900000 30.000000 28 0.178847
3517 36.500000 23.100000 70.000000 3 0.067544
6024 38.700001 22.100000 30.000000 11 0.121721
2219 35.299999 26.299999 30.000000 152 0.112022
2220 35.299999 26.299999 10.000000 143 0.109610
1990 35.099998 26.299999 10.000000 185 0.105805
5818 38.500000 23.100000 50.000000 19 0.089128
5819 38.500000 23.100000 30.000000 15 0.103445
5820 38.500000 23.100000 10.000000 15 0.103445
6050 38.700001 23.100000 10.000000 15 0.103445
5366 38.099998 23.500000 90.000000 6 0.081977
5596 38.299999 23.500000 90.000000 1 0.103358
5601 38.299999 23.700001 90.000000 2 0.139399
5602 38.299999 23.700001 70.000000 1 0.103358
5607 38.299999 23.900000 70.000000 1 0.103358
5837 38.500000 23.900000 70.000000 2 0.139399
5838 38.500000 23.900000 50.000000 2 0.139399
5843 38.500000 24.100000 50.000000 3 0.137452
6073 38.700001 24.100000 50.000000 1 0.103358
6078 38.700001 24.299999 50.000000 1 0.103358
6079 38.700001 24.299999 30.000000 4 0.082266
6084 38.700001 24.500000 30.000000 1 0.103358
6085 38.700001 24.500000 10.000000 1 0.103358
6315 38.900002 24.500000 10.000000 4 0.082266
5567 38.299999 22.299999 70.000000 18 0.111949
5798 38.500000 22.299999 50.000000 17 0.089226
5799 38.500000 22.299999 30.000000 18 0.082542
1979 35.099998 25.900000 30.000000 39 0.109776
1984 35.099998 26.100000 30.000000 25 0.118715
1985 35.099998 26.100000 10.000000 60 0.104763
2178 35.299999 24.700001 50.000000 20 0.155952
2816 35.900002 22.700001 90.000000 13 0.097939
2821 35.900002 22.900000 90.000000 5 0.107530
2827 35.900002 23.100000 70.000000 5 0.098888
2597 35.700001 23.100000 70.000000 10 0.106586
2602 35.700001 23.299999 70.000000 7 0.093621
2811 35.900002 22.500000 90.000000 4 0.084303
3266 36.299999 22.299999 90.000000 1 0.076909
2826 35.900002 23.100000 90.000000 2 0.079761
2596 35.700001 23.100000 90.000000 3 0.085397
2607 35.700001 23.500000 70.000000 2 0.084945
2612 35.700001 23.700001 70.000000 3 0.087705
2617 35.700001 23.900000 70.000000 2 0.091099
2387 35.500000 23.900000 70.000000 2 0.092820
2215 35.299999 26.100000 10.000000 87 0.108372
5823 38.500000 23.299999 50.000000 19 0.078090
5828 38.500000 23.500000 50.000000 21 0.079549
5833 38.500000 23.700001 50.000000 4 0.085905
6063 38.700001 23.700001 50.000000 3 0.075236
6068 38.700001 23.900000 50.000000 3 0.075236
6069 38.700001 23.900000 30.000000 3 0.075236
6074 38.700001 24.100000 30.000000 3 0.075236
6309 38.900002 24.299999 30.000000 3 0.075236
6310 38.900002 24.299999 10.000000 3 0.075236
4860 37.700001 21.500000 10.000000 2 0.253566
5319 38.099998 21.500000 30.000000 8 0.161813
5550 38.299999 21.500000 10.000000 3 0.190762
5084 37.900002 21.299999 30.000000 27 0.148783
5314 38.099998 21.299999 30.000000 9 0.149092
5544 38.299999 21.299999 30.000000 3 0.148724
5545 38.299999 21.299999 10.000000 1 0.173130
2224 35.299999 26.500000 30.000000 56 0.103020
2160 35.299999 23.900000 10.000000 24 0.200125
2374 35.500000 23.299999 30.000000 79 0.211270
2605 35.700001 23.299999 10.000000 45 0.210360
1924 35.099998 23.700001 30.000000 17 0.184510
1930 35.099998 23.900000 10.000000 7 0.194588
1700 34.900002 23.900000 10.000000 15 0.177133
5589 38.299999 23.100000 30.000000 12 0.094052
5803 38.500000 22.500000 50.000000 16 0.117466
6028 38.700001 22.299999 50.000000 5 0.098700
6023 38.700001 22.100000 50.000000 5 0.098700
6249 38.900002 21.900000 30.000000 5 0.098700
2625 35.700001 24.100000 10.000000 55 0.113737
2837 35.900002 23.500000 70.000000 5 0.098528
2842 35.900002 23.700001 70.000000 3 0.090665
3282 36.299999 22.900000 70.000000 2 0.098908
1974 35.099998 25.700001 30.000000 11 0.136404
1975 35.099998 25.700001 10.000000 14 0.135712
2957 35.900002 28.299999 70.000000 2 0.123454
3545 36.500000 24.100000 10.000000 3 0.133529
3117 36.099998 25.500000 70.000000 8 0.082198
5808 38.500000 22.700001 50.000000 3 0.124307
5548 38.299999 21.500000 50.000000 6 0.128612
5543 38.299999 21.299999 50.000000 2 0.143357
5538 38.299999 21.100000 50.000000 1 0.140634
5539 38.299999 21.100000 30.000000 2 0.143357
5534 38.299999 20.900000 30.000000 2 0.143357
5304 38.099998 20.900000 30.000000 26 0.122656
5305 38.099998 20.900000 10.000000 22 0.119448
5300 38.099998 20.700001 10.000000 27 0.123524
5295 38.099998 20.500000 10.000000 27 0.123524
1710 34.900002 24.299999 10.000000 7 0.154348
5813 38.500000 22.900000 50.000000 10 0.132898
5327 38.099998 21.900000 70.000000 8 0.104239
5322 38.099998 21.700001 70.000000 3 0.085155
5313 38.099998 21.299999 50.000000 19 0.121175
5308 38.099998 21.100000 50.000000 8 0.084116
5309 38.099998 21.100000 30.000000 17 0.108596
4854 37.700001 21.299999 30.000000 15 0.146022
5085 37.900002 21.299999 10.000000 1 0.107960
5079 37.900002 21.100000 30.000000 30 0.140404
5074 37.900002 20.900000 30.000000 16 0.147820
2223 35.299999 26.500000 50.000000 8 0.105052
3056 36.099998 23.100000 90.000000 5 0.126481
3057 36.099998 23.100000 70.000000 3 0.132642
2187 35.299999 25.100000 70.000000 9 0.134545
2182 35.299999 24.900000 70.000000 3 0.184887
2417 35.500000 25.100000 70.000000 5 0.088881
2407 35.500000 24.700001 70.000000 5 0.091691
2866 35.900002 24.700001 90.000000 1 0.075351
2671 35.700001 26.100000 90.000000 15 0.091621
5812 38.500000 22.900000 70.000000 1 0.263981
5792 38.500000 22.100000 70.000000 1 0.054871
4628 37.500000 21.500000 50.000000 15 0.155927
4630 37.500000 21.500000 10.000000 1 0.244724
4858 37.700001 21.500000 50.000000 32 0.149302
4633 37.500000 21.700001 50.000000 13 0.149701
4623 37.500000 21.299999 50.000000 1 0.122827
4853 37.700001 21.299999 50.000000 11 0.144343
4848 37.700001 21.100000 50.000000 2 0.128641
5078 37.900002 21.100000 50.000000 8 0.117041
5299 38.099998 20.700001 30.000000 4 0.140302
5083 37.900002 21.299999 50.000000 18 0.134959
2463 35.500000 26.900000 50.000000 27 0.084832
5810 38.500000 22.700001 10.000000 4 0.092800
2452 35.500000 26.500000 70.000000 2 0.082149
2447 35.500000 26.299999 70.000000 14 0.085569
2218 35.299999 26.299999 50.000000 33 0.110923
6014 38.700001 21.700001 30.000000 2 0.132736
6015 38.700001 21.700001 10.000000 2 0.132736
6245 38.900002 21.700001 10.000000 2 0.132736
2659 35.700001 25.500000 30.000000 5 0.193182
2430 35.500000 25.500000 10.000000 1 0.168383
2641 35.700001 24.900000 90.000000 1 0.083030
1962 35.099998 25.299999 70.000000 4 0.137981
1963 35.099998 25.299999 50.000000 6 0.157389
1969 35.099998 25.500000 30.000000 4 0.166860
1958 35.099998 25.100000 50.000000 3 0.146169
2615 35.700001 23.700001 10.000000 30 0.110353
5376 38.099998 23.900000 90.000000 2 0.267712
5371 38.099998 23.700001 90.000000 5 0.163704
2702 35.700001 27.299999 70.000000 4 0.088240
3042 36.099998 22.500000 70.000000 2 0.103629
3043 36.099998 22.500000 50.000000 3 0.108209
2824 35.900002 22.900000 30.000000 3 0.152826
2392 35.500000 24.100000 70.000000 6 0.179073
2397 35.500000 24.299999 70.000000 11 0.122999
2856 35.900002 24.299999 90.000000 14 0.093722
2861 35.900002 24.500000 90.000000 5 0.083978
1983 35.099998 26.100000 50.000000 1 0.137540
2228 35.299999 26.700001 50.000000 10 0.087909
2225 35.299999 26.500000 10.000000 6 0.088814
2233 35.299999 26.900000 50.000000 4 0.096867
2587 35.700001 22.700001 70.000000 5 0.121012
2818 35.900002 22.700001 50.000000 2 0.132417
5336 38.099998 22.299999 90.000000 1 0.107737
1989 35.099998 26.299999 30.000000 3 0.121803
2362 35.500000 22.900000 70.000000 3 0.161421
2363 35.500000 22.900000 50.000000 4 0.172326
2368 35.500000 23.100000 50.000000 6 0.158378
2148 35.299999 23.500000 50.000000 16 0.163308
1923 35.099998 23.700001 50.000000 13 0.137634
3061 36.099998 23.299999 90.000000 1 0.121917
2831 35.900002 23.299999 90.000000 1 0.121917
2832 35.900002 23.299999 70.000000 2 0.096234
4426 37.299999 22.700001 90.000000 2 0.078018
4647 37.500000 22.299999 70.000000 4 0.076947
1980 35.099998 25.900000 10.000000 48 0.116131
1918 35.099998 23.500000 50.000000 8 0.172421
1693 34.900002 23.700001 50.000000 1 0.161911
1694 34.900002 23.700001 30.000000 2 0.184848
1907 35.099998 23.100000 70.000000 5 0.149479
1912 35.099998 23.299999 70.000000 3 0.146971
2142 35.299999 23.299999 70.000000 3 0.151880
2143 35.299999 23.299999 50.000000 11 0.159993
1913 35.099998 23.299999 50.000000 5 0.143923
2137 35.299999 23.100000 70.000000 2 0.153242
1917 35.099998 23.500000 70.000000 1 0.101469
2367 35.500000 23.100000 70.000000 4 0.116829
1919 35.099998 23.500000 30.000000 5 0.204877
2380 35.500000 23.500000 10.000000 18 0.186645
1908 35.099998 23.100000 50.000000 8 0.127131
1914 35.099998 23.299999 30.000000 5 0.169907
1920 35.099998 23.500000 10.000000 1 0.170798
2150 35.299999 23.500000 10.000000 19 0.203701
2138 35.299999 23.100000 50.000000 7 0.149013
1928 35.099998 23.900000 50.000000 4 0.148705
1933 35.099998 24.100000 50.000000 12 0.164121
2139 35.299999 23.100000 30.000000 47 0.178712
2369 35.500000 23.100000 30.000000 22 0.195928
1909 35.099998 23.100000 30.000000 10 0.176877
5829 38.500000 23.500000 30.000000 18 0.078386
5834 38.500000 23.700001 30.000000 33 0.080988
5839 38.500000 23.900000 30.000000 41 0.083034
5840 38.500000 23.900000 10.000000 39 0.082627
6070 38.700001 23.900000 10.000000 20 0.079888
6075 38.700001 24.100000 10.000000 46 0.085117
1925 35.099998 23.700001 10.000000 1 0.448770
5598 38.299999 23.500000 50.000000 19 0.084831
5599 38.299999 23.500000 30.000000 4 0.075564
5603 38.299999 23.700001 50.000000 14 0.088066
5604 38.299999 23.700001 30.000000 15 0.084803
5845 38.500000 24.100000 10.000000 26 0.089139
2467 35.500000 27.100000 70.000000 7 0.105901
2462 35.500000 26.900000 70.000000 5 0.077650
2232 35.299999 26.900000 70.000000 1 0.082749
1994 35.099998 26.500000 30.000000 1 0.082749
2457 35.500000 26.700001 70.000000 3 0.088933
2472 35.500000 27.299999 70.000000 1 0.097870
2227 35.299999 26.700001 70.000000 1 0.095665
2441 35.500000 26.100000 90.000000 2 0.084368
2212 35.299999 26.100000 70.000000 1 0.072786
2446 35.500000 26.299999 90.000000 1 0.079467
5151 37.900002 24.100000 90.000000 3 0.122896
5381 38.099998 24.100000 90.000000 1 0.133557
5611 38.299999 24.100000 90.000000 1 0.133557
5612 38.299999 24.100000 70.000000 1 0.133557
5613 38.299999 24.100000 50.000000 2 0.096439
5844 38.500000 24.100000 30.000000 7 0.098989
4403 37.299999 21.700001 50.000000 6 0.160545
2156 35.299999 23.900000 90.000000 4 0.139494
2157 35.299999 23.900000 70.000000 4 0.139494
1927 35.099998 23.900000 70.000000 1 0.160109
2162 35.299999 24.100000 70.000000 1 0.166345
5609 38.299999 23.900000 30.000000 10 0.087447
5075 37.900002 20.900000 10.000000 8 0.145353
5070 37.900002 20.700001 10.000000 8 0.145353
2728 35.700001 28.299999 50.000000 2 0.096891
2484 35.500000 27.700001 30.000000 1 0.076556
5608 38.299999 23.900000 50.000000 3 0.084291
5614 38.299999 24.100000 30.000000 3 0.067332
5535 38.299999 20.900000 10.000000 1 0.146079
5530 38.299999 20.700001 10.000000 1 0.146079
4849 37.700001 21.100000 30.000000 17 0.139756
4844 37.700001 20.900000 30.000000 1 0.156685
2402 35.500000 24.500000 70.000000 12 0.156869
4850 37.700001 21.100000 10.000000 16 0.138698
4845 37.700001 20.900000 10.000000 16 0.138698
2630 35.700001 24.299999 10.000000 1 0.068491
2145 35.299999 23.299999 10.000000 3 0.266036
6058 38.700001 23.500000 50.000000 1 0.068900
2357 35.500000 22.700001 70.000000 2 0.093529
2582 35.700001 22.500000 70.000000 1 0.102121
2812 35.900002 22.500000 70.000000 1 0.102121
2813 35.900002 22.500000 50.000000 1 0.102121
3038 36.099998 22.299999 50.000000 1 0.102121
2354 35.500000 22.500000 30.000000 1 0.155045
2584 35.700001 22.500000 30.000000 1 0.155045
2814 35.900002 22.500000 30.000000 1 0.155045
5382 38.099998 24.100000 70.000000 1 0.059320
5802 38.500000 22.500000 70.000000 3 0.105770
4417 37.299999 22.299999 70.000000 1 0.048647
2133 35.299999 22.900000 50.000000 3 0.174228
2600 35.700001 23.100000 10.000000 1 0.178125
5807 38.500000 22.700001 70.000000 2 0.108900
2586 35.700001 22.700001 90.000000 8 0.102129
2592 35.700001 22.900000 70.000000 9 0.115828
2591 35.700001 22.900000 90.000000 12 0.117170
3052 36.099998 22.900000 70.000000 1 0.172555
2361 35.500000 22.900000 90.000000 1 0.093111
2366 35.500000 23.100000 90.000000 1 0.093111
2372 35.500000 23.299999 70.000000 2 0.094890
2377 35.500000 23.500000 70.000000 1 0.096669
2382 35.500000 23.700001 70.000000 1 0.096669
2622 35.700001 24.100000 70.000000 3 0.101149
1713 34.900002 24.500000 50.000000 2 0.173296
6254 38.900002 22.100000 30.000000 1 0.096300
5557 38.299999 21.900000 70.000000 1 0.076320
2167 35.299999 24.299999 70.000000 1 0.108263
4624 37.500000 21.299999 30.000000 1 0.074613
4619 37.500000 21.100000 30.000000 1 0.074613
4642 37.500000 22.100000 70.000000 1 0.109213
2197 35.299999 25.500000 70.000000 9 0.164879
5606 38.299999 23.900000 90.000000 1 0.175440
5836 38.500000 23.900000 90.000000 1 0.175440
