3637 36.500000 27.900000 70.000000 106 0.076593
3638 36.500000 27.900000 50.000000 189 0.090649
3639 36.500000 27.900000 30.000000 109 0.090468
3644 36.500000 28.100000 30.000000 85 0.129290
3645 36.500000 28.100000 10.000000 76 0.110186
3415 36.299999 28.100000 10.000000 351 0.113773
3632 36.500000 27.700001 70.000000 147 0.076619
3633 36.500000 27.700001 50.000000 162 0.077072
3863 36.700001 27.700001 50.000000 139 0.078531
3864 36.700001 27.700001 30.000000 84 0.088912
3865 36.700001 27.700001 10.000000 43 0.097223
3860 36.700001 27.500000 10.000000 96 0.111213
3868 36.700001 27.900000 50.000000 137 0.091751
3869 36.700001 27.900000 30.000000 98 0.090596
3874 36.700001 28.100000 30.000000 50 0.130670
3875 36.700001 28.100000 10.000000 116 0.100121
3408 36.299999 27.900000 50.000000 202 0.103822
3409 36.299999 27.900000 30.000000 191 0.105877
3179 36.099998 27.900000 30.000000 143 0.120119
3180 36.099998 27.900000 10.000000 236 0.102616
4098 36.900002 27.900000 50.000000 95 0.080053
4099 36.900002 27.900000 30.000000 38 0.119929
4100 36.900002 27.900000 10.000000 24 0.119992
4330 37.099998 27.900000 10.000000 62 0.106072
3642 36.500000 28.100000 70.000000 46 0.084127
3643 36.500000 28.100000 50.000000 159 0.105866
3873 36.700001 28.100000 50.000000 163 0.096465
3878 36.700001 28.299999 50.000000 132 0.069660
3883 36.700001 28.500000 50.000000 122 0.065202
3884 36.700001 28.500000 30.000000 104 0.065876
3889 36.700001 28.700001 30.000000 104 0.065115
3890 36.700001 28.700001 10.000000 46 0.072862
3895 36.700001 28.900000 10.000000 50 0.081943
4125 36.900002 28.900000 10.000000 136 0.069118
3402 36.299999 27.700001 70.000000 122 0.083090
3403 36.299999 27.700001 50.000000 225 0.087588
3398 36.299999 27.500000 50.000000 156 0.079829
3168 36.099998 27.500000 50.000000 234 0.073695
2938 35.900002 27.500000 50.000000 145 0.078766
2939 35.900002 27.500000 30.000000 108 0.090829
2934 35.900002 27.299999 30.000000 99 0.084876
2704 35.700001 27.299999 30.000000 146 0.085584
2705 35.700001 27.299999 10.000000 138 0.083752
2700 35.700001 27.100000 10.000000 287 0.091785
3958 36.900002 22.299999 50.000000 22 0.094431
3963 36.900002 22.500000 50.000000 46 0.084966
3964 36.900002 22.500000 30.000000 63 0.115412
3965 36.900002 22.500000 10.000000 102 0.124781
3728 36.700001 22.299999 50.000000 11 0.101676
3733 36.700001 22.500000 50.000000 19 0.094011
3734 36.700001 22.500000 30.000000 18 0.119687
3504 36.500000 22.500000 30.000000 11 0.151827
3505 36.500000 22.500000 10.000000 88 0.138690
3959 36.900002 22.299999 30.000000 49 0.088285
3954 36.900002 22.100000 30.000000 56 0.106375
3955 36.900002 22.100000 10.000000 31 0.098046
3950 36.900002 21.900000 10.000000 43 0.111848
3720 36.700001 21.900000 10.000000 45 0.121666
4194 37.099998 22.500000 30.000000 75 0.112275
4199 37.099998 22.700001 30.000000 134 0.106010
4200 37.099998 22.700001 10.000000 42 0.131914
4205 37.099998 22.900000 10.000000 232 0.123253
4184 37.099998 22.100000 30.000000 118 0.105739
4185 37.099998 22.100000 10.000000 119 0.107315
4180 37.099998 21.900000 10.000000 318 0.123465
3872 36.700001 28.100000 70.000000 136 0.078898
3877 36.700001 28.299999 70.000000 40 0.060808
4119 36.900002 28.700001 30.000000 74 0.063443
4120 36.900002 28.700001 10.000000 86 0.061662
5568 38.299999 22.299999 50.000000 309 0.111435
5338 38.099998 22.299999 50.000000 738 0.107062
5333 38.099998 22.100000 50.000000 1268 0.151037
5334 38.099998 22.100000 30.000000 593 0.163459
5335 38.099998 22.100000 10.000000 710 0.133209
5339 38.099998 22.299999 30.000000 400 0.112725
5344 38.099998 22.500000 30.000000 141 0.125803
5114 37.900002 22.500000 30.000000 331 0.107728
5115 37.900002 22.500000 10.000000 324 0.111050
5108 37.900002 22.299999 50.000000 427 0.103348
5109 37.900002 22.299999 30.000000 517 0.108449
4879 37.700001 22.299999 30.000000 201 0.114240
4884 37.700001 22.500000 30.000000 367 0.108757
4885 37.700001 22.500000 10.000000 129 0.107638
4655 37.500000 22.500000 10.000000 215 0.123123
5343 38.099998 22.500000 50.000000 538 0.100421
5113 37.900002 22.500000 50.000000 540 0.098265
5119 37.900002 22.700001 30.000000 99 0.111084
4889 37.700001 22.700001 30.000000 243 0.104262
4894 37.700001 22.900000 30.000000 129 0.108036
4895 37.700001 22.900000 10.000000 27 0.105963
4883 37.700001 22.500000 50.000000 775 0.107214
4653 37.500000 22.500000 50.000000 611 0.112890
4654 37.500000 22.500000 30.000000 224 0.119693
4659 37.500000 22.700001 30.000000 228 0.101932
4429 37.299999 22.700001 30.000000 153 0.102282
4430 37.299999 22.700001 10.000000 63 0.115925
5348 38.099998 22.700001 50.000000 399 0.093684
5353 38.099998 22.900000 50.000000 315 0.093832
5358 38.099998 23.100000 50.000000 234 0.091607
5128 37.900002 23.100000 50.000000 319 0.092873
5133 37.900002 23.299999 50.000000 280 0.091144
5138 37.900002 23.500000 50.000000 138 0.089563
5143 37.900002 23.700001 50.000000 63 0.099174
5144 37.900002 23.700001 30.000000 420 0.088917
4914 37.700001 23.700001 30.000000 360 0.090308
4919 37.700001 23.900000 30.000000 211 0.085386
4924 37.700001 24.100000 30.000000 67 0.083149
4925 37.700001 24.100000 10.000000 162 0.083161
4930 37.700001 24.299999 10.000000 81 0.081704
3371 36.299999 26.500000 90.000000 365 0.078025
3372 36.299999 26.500000 70.000000 20 0.109497
3602 36.500000 26.500000 70.000000 85 0.150934
3603 36.500000 26.500000 50.000000 115 0.127275
3604 36.500000 26.500000 30.000000 82 0.160985
3605 36.500000 26.500000 10.000000 120 0.139290
3376 36.299999 26.700001 90.000000 381 0.075714
3606 36.500000 26.700001 90.000000 555 0.098027
3607 36.500000 26.700001 70.000000 42 0.144716
3608 36.500000 26.700001 50.000000 69 0.084915
3613 36.500000 26.900000 50.000000 58 0.089383
3843 36.700001 26.900000 50.000000 72 0.144080
3844 36.700001 26.900000 30.000000 55 0.174453
3845 36.700001 26.900000 10.000000 72 0.164723
3146 36.099998 26.700001 90.000000 166 0.069764
3147 36.099998 26.700001 70.000000 82 0.073529
2922 35.900002 26.900000 70.000000 172 0.078275
2923 35.900002 26.900000 50.000000 252 0.077401
2924 35.900002 26.900000 30.000000 17 0.077641
2694 35.700001 26.900000 30.000000 177 0.094164
2699 35.700001 27.100000 30.000000 185 0.094309
3141 36.099998 26.500000 90.000000 229 0.068776
2917 35.900002 26.700001 70.000000 171 0.072786
2918 35.900002 26.700001 50.000000 181 0.076460
2688 35.700001 26.700001 50.000000 241 0.084930
2693 35.700001 26.900000 50.000000 221 0.082559
2464 35.500000 26.900000 30.000000 124 0.107346
2465 35.500000 26.900000 10.000000 129 0.106756
3381 36.299999 26.900000 90.000000 309 0.077982
3382 36.299999 26.900000 70.000000 21 0.088346
3152 36.099998 26.900000 70.000000 152 0.081424
3157 36.099998 27.100000 70.000000 112 0.076709
3162 36.099998 27.299999 70.000000 111 0.072859
3163 36.099998 27.299999 50.000000 130 0.072506
3169 36.099998 27.500000 30.000000 113 0.076965
3174 36.099998 27.700001 30.000000 176 0.082856
3175 36.099998 27.700001 10.000000 115 0.084620
3611 36.500000 26.900000 90.000000 490 0.093815
3616 36.500000 27.100000 90.000000 270 0.088672
3617 36.500000 27.100000 70.000000 66 0.135511
3622 36.500000 27.299999 70.000000 84 0.096533
3623 36.500000 27.299999 50.000000 83 0.125640
3628 36.500000 27.500000 50.000000 87 0.084393
3870 36.700001 27.900000 10.000000 68 0.070981
3366 36.299999 26.299999 90.000000 192 0.080309
3136 36.099998 26.299999 90.000000 275 0.066569
3131 36.099998 26.100000 90.000000 229 0.074516
2901 35.900002 26.100000 90.000000 170 0.066054
2896 35.900002 25.900000 90.000000 120 0.065182
2897 35.900002 25.900000 70.000000 185 0.074556
2892 35.900002 25.700001 70.000000 112 0.070474
2662 35.700001 25.700001 70.000000 139 0.075397
2657 35.700001 25.500000 70.000000 148 0.072918
2658 35.700001 25.500000 50.000000 223 0.080399
2653 35.700001 25.299999 50.000000 202 0.087206
2423 35.500000 25.299999 50.000000 271 0.091919
2424 35.500000 25.299999 30.000000 256 0.092912
2419 35.500000 25.100000 30.000000 295 0.088004
2189 35.299999 25.100000 30.000000 304 0.094395
2190 35.299999 25.100000 10.000000 243 0.100162
2185 35.299999 24.900000 10.000000 407 0.096140
3126 36.099998 25.900000 90.000000 131 0.082588
2891 35.900002 25.700001 90.000000 76 0.072648
2887 35.900002 25.500000 70.000000 62 0.070979
2652 35.700001 25.299999 70.000000 46 0.073310
2648 35.700001 25.100000 50.000000 189 0.092745
2418 35.500000 25.100000 50.000000 225 0.096651
2413 35.500000 24.900000 50.000000 186 0.097014
2414 35.500000 24.900000 30.000000 194 0.092530
2409 35.500000 24.700001 30.000000 216 0.100847
2179 35.299999 24.700001 30.000000 81 0.131218
2180 35.299999 24.700001 10.000000 118 0.112042
2175 35.299999 24.500000 10.000000 96 0.114837
3621 36.500000 27.299999 90.000000 187 0.080572
3626 36.500000 27.500000 90.000000 108 0.071683
3627 36.500000 27.500000 70.000000 134 0.083548
3867 36.700001 27.900000 70.000000 132 0.069717
3982 36.900002 23.299999 70.000000 184 0.086433
3977 36.900002 23.100000 70.000000 113 0.094029
4207 37.099998 23.100000 70.000000 119 0.084848
4208 37.099998 23.100000 50.000000 220 0.088770
4209 37.099998 23.100000 30.000000 68 0.105122
4204 37.099998 22.900000 30.000000 224 0.110738
4212 37.099998 23.299999 70.000000 179 0.079471
4213 37.099998 23.299999 50.000000 164 0.088011
4443 37.299999 23.299999 50.000000 117 0.078497
4444 37.299999 23.299999 30.000000 167 0.109972
4445 37.299999 23.299999 10.000000 279 0.116474
3978 36.900002 23.100000 50.000000 348 0.095503
3979 36.900002 23.100000 30.000000 233 0.112402
3749 36.700001 23.100000 30.000000 340 0.107234
3744 36.700001 22.900000 30.000000 78 0.138065
3745 36.700001 22.900000 10.000000 562 0.115363
4438 37.299999 23.100000 50.000000 150 0.081999
4439 37.299999 23.100000 30.000000 33 0.114135
4669 37.500000 23.100000 30.000000 161 0.117412
4670 37.500000 23.100000 10.000000 178 0.115134
4665 37.500000 22.900000 10.000000 17 0.100341
3973 36.900002 22.900000 50.000000 233 0.097440
3968 36.900002 22.700001 50.000000 74 0.097286
3969 36.900002 22.700001 30.000000 58 0.107930
4203 37.099998 22.900000 50.000000 353 0.098158
4433 37.299999 22.900000 50.000000 260 0.093692
4428 37.299999 22.700001 50.000000 430 0.103134
4217 37.099998 23.500000 70.000000 108 0.074113
4218 37.099998 23.500000 50.000000 225 0.081960
4448 37.299999 23.500000 50.000000 206 0.081265
4453 37.299999 23.700001 50.000000 213 0.082534
4683 37.500000 23.700001 50.000000 216 0.085021
4684 37.500000 23.700001 30.000000 196 0.087910
4689 37.500000 23.900000 30.000000 120 0.081845
4920 37.700001 23.900000 10.000000 138 0.078164
4437 37.299999 23.100000 70.000000 154 0.081831
4663 37.500000 22.900000 50.000000 320 0.091618
4658 37.500000 22.700001 50.000000 951 0.106006
4890 37.700001 22.700001 10.000000 35 0.077516
4103 36.900002 28.100000 50.000000 85 0.088654
4108 36.900002 28.299999 50.000000 38 0.104099
4109 36.900002 28.299999 30.000000 82 0.089588
4110 36.900002 28.299999 10.000000 80 0.090492
4115 36.900002 28.500000 10.000000 44 0.105519
4345 37.099998 28.500000 10.000000 92 0.091919
3634 36.500000 27.700001 30.000000 85 0.092632
3629 36.500000 27.500000 30.000000 60 0.108442
3630 36.500000 27.500000 10.000000 68 0.101283
3625 36.500000 27.299999 10.000000 125 0.139381
4093 36.900002 27.700001 50.000000 83 0.078796
4094 36.900002 27.700001 30.000000 54 0.090045
4089 36.900002 27.500000 30.000000 43 0.081000
4090 36.900002 27.500000 10.000000 26 0.076851
4085 36.900002 27.299999 10.000000 42 0.094701
4315 37.099998 27.299999 10.000000 49 0.092116
3831 36.700001 26.500000 90.000000 236 0.114458
3601 36.500000 26.500000 90.000000 421 0.103396
3836 36.700001 26.700001 90.000000 259 0.105802
3837 36.700001 26.700001 70.000000 25 0.112452
3842 36.700001 26.900000 70.000000 46 0.157875
3826 36.700001 26.299999 90.000000 191 0.117777
3827 36.700001 26.299999 70.000000 138 0.109826
4057 36.900002 26.299999 70.000000 24 0.116224
4058 36.900002 26.299999 50.000000 44 0.097846
4053 36.900002 26.100000 50.000000 79 0.091149
4054 36.900002 26.100000 30.000000 86 0.095380
4055 36.900002 26.100000 10.000000 75 0.104047
4050 36.900002 25.900000 10.000000 200 0.102345
3821 36.700001 26.100000 90.000000 120 0.118157
3822 36.700001 26.100000 70.000000 185 0.114191
3823 36.700001 26.100000 50.000000 208 0.100341
3818 36.700001 25.900000 50.000000 213 0.101935
3819 36.700001 25.900000 30.000000 275 0.099950
3814 36.700001 25.700001 30.000000 255 0.092880
3815 36.700001 25.700001 10.000000 255 0.104996
3817 36.700001 25.900000 70.000000 89 0.114725
4048 36.900002 25.900000 50.000000 101 0.102068
4043 36.900002 25.700001 50.000000 116 0.106441
4044 36.900002 25.700001 30.000000 259 0.088802
4045 36.900002 25.700001 10.000000 210 0.078628
4040 36.900002 25.500000 10.000000 367 0.087747
4052 36.900002 26.100000 70.000000 51 0.102423
4047 36.900002 25.900000 70.000000 62 0.104004
4039 36.900002 25.500000 30.000000 182 0.098484
3816 36.700001 25.900000 90.000000 34 0.122576
3813 36.700001 25.700001 50.000000 125 0.104434
3809 36.700001 25.500000 30.000000 187 0.088667
3810 36.700001 25.500000 10.000000 130 0.091373
3805 36.700001 25.299999 10.000000 214 0.093353
3151 36.099998 26.900000 90.000000 150 0.082096
2928 35.900002 27.100000 50.000000 214 0.084186
2929 35.900002 27.100000 30.000000 67 0.084404
3841 36.700001 26.900000 90.000000 214 0.103983
3846 36.700001 27.100000 90.000000 184 0.093141
3851 36.700001 27.299999 90.000000 144 0.083069
3852 36.700001 27.299999 70.000000 61 0.113058
3857 36.700001 27.500000 70.000000 83 0.080896
3858 36.700001 27.500000 50.000000 93 0.090204
3640 36.500000 27.900000 10.000000 41 0.073127
4863 37.700001 21.700001 50.000000 48 0.144689
4864 37.700001 21.700001 30.000000 68 0.161736
4634 37.500000 21.700001 30.000000 48 0.154668
4635 37.500000 21.700001 10.000000 100 0.150806
4405 37.299999 21.700001 10.000000 68 0.115779
5094 37.900002 21.700001 30.000000 71 0.148156
5099 37.900002 21.900000 30.000000 192 0.149764
5100 37.900002 21.900000 10.000000 119 0.144700
5105 37.900002 22.100000 10.000000 217 0.109159
4868 37.700001 21.900000 50.000000 136 0.153212
4869 37.700001 21.900000 30.000000 117 0.150074
4874 37.700001 22.100000 30.000000 103 0.129988
4644 37.500000 22.100000 30.000000 128 0.131921
4649 37.500000 22.299999 30.000000 133 0.134769
4650 37.500000 22.299999 10.000000 68 0.156671
4873 37.700001 22.100000 50.000000 158 0.128155
4878 37.700001 22.299999 50.000000 248 0.112496
4638 37.500000 21.900000 50.000000 28 0.146553
4643 37.500000 22.100000 50.000000 61 0.115567
4648 37.500000 22.299999 50.000000 182 0.115530
4419 37.299999 22.299999 30.000000 155 0.122174
4424 37.299999 22.500000 30.000000 104 0.110078
3618 36.500000 27.100000 50.000000 74 0.115198
3624 36.500000 27.299999 30.000000 56 0.169100
4066 36.900002 26.700001 90.000000 23 0.102517
4067 36.900002 26.700001 70.000000 4 0.100510
4068 36.900002 26.700001 50.000000 24 0.084212
4073 36.900002 26.900000 50.000000 21 0.097901
4303 37.099998 26.900000 50.000000 12 0.100231
4304 37.099998 26.900000 30.000000 8 0.131178
4305 37.099998 26.900000 10.000000 14 0.114478
3847 36.700001 27.100000 70.000000 33 0.119442
4077 36.900002 27.100000 70.000000 17 0.105590
4078 36.900002 27.100000 50.000000 26 0.095392
4079 36.900002 27.100000 30.000000 7 0.107579
4084 36.900002 27.299999 30.000000 23 0.110712
3828 36.700001 26.299999 50.000000 105 0.087771
3853 36.700001 27.299999 50.000000 61 0.121542
3854 36.700001 27.299999 30.000000 32 0.118822
3859 36.700001 27.500000 30.000000 59 0.120414
3820 36.700001 25.900000 10.000000 187 0.103613
3596 36.500000 26.299999 90.000000 196 0.105946
3597 36.500000 26.299999 70.000000 102 0.116986
3592 36.500000 26.100000 70.000000 110 0.121093
3593 36.500000 26.100000 50.000000 159 0.095062
3588 36.500000 25.900000 50.000000 185 0.095074
3386 36.299999 27.100000 90.000000 164 0.082510
3391 36.299999 27.299999 90.000000 105 0.080557
3392 36.299999 27.299999 70.000000 139 0.081325
3397 36.299999 27.500000 70.000000 152 0.084771
3167 36.099998 27.500000 70.000000 83 0.077071
3410 36.299999 27.900000 10.000000 121 0.088228
4071 36.900002 26.900000 90.000000 19 0.098711
4076 36.900002 27.100000 90.000000 20 0.112538
4307 37.099998 27.100000 70.000000 14 0.103335
4312 37.099998 27.299999 70.000000 10 0.101936
4313 37.099998 27.299999 50.000000 66 0.072491
4543 37.299999 27.299999 50.000000 71 0.071391
4544 37.299999 27.299999 30.000000 40 0.075685
4549 37.299999 27.500000 30.000000 30 0.089880
4550 37.299999 27.500000 10.000000 25 0.089133
4780 37.500000 27.500000 10.000000 29 0.088529
3591 36.500000 26.100000 90.000000 92 0.104688
3586 36.500000 25.900000 90.000000 44 0.084606
3587 36.500000 25.900000 70.000000 58 0.115243
3582 36.500000 25.700001 70.000000 34 0.125146
3577 36.500000 25.500000 70.000000 22 0.144265
3578 36.500000 25.500000 50.000000 83 0.091299
3808 36.700001 25.500000 50.000000 56 0.108860
3803 36.700001 25.299999 50.000000 65 0.112220
3804 36.700001 25.299999 30.000000 148 0.088486
3799 36.700001 25.100000 30.000000 200 0.081097
3800 36.700001 25.100000 10.000000 120 0.082469
3795 36.700001 24.900000 10.000000 158 0.103182
3856 36.700001 27.500000 90.000000 104 0.071493
3862 36.700001 27.700001 70.000000 84 0.073281
4092 36.900002 27.700001 70.000000 39 0.069925
4097 36.900002 27.900000 70.000000 61 0.075775
4104 36.900002 28.100000 30.000000 55 0.082099
4340 37.099998 28.299999 10.000000 48 0.079453
3861 36.700001 27.700001 90.000000 84 0.063779
3866 36.700001 27.900000 90.000000 52 0.056307
3121 36.099998 25.700001 90.000000 72 0.085755
3351 36.299999 25.700001 90.000000 74 0.087865
3352 36.299999 25.700001 70.000000 21 0.156554
3583 36.500000 25.700001 50.000000 110 0.091507
3584 36.500000 25.700001 30.000000 123 0.088134
3585 36.500000 25.700001 10.000000 45 0.095717
3356 36.299999 25.900000 90.000000 66 0.093535
3361 36.299999 26.100000 90.000000 115 0.087656
3362 36.299999 26.100000 70.000000 55 0.118963
3363 36.299999 26.100000 50.000000 149 0.085648
3598 36.500000 26.299999 50.000000 107 0.079436
3599 36.500000 26.299999 30.000000 47 0.091169
3600 36.500000 26.299999 10.000000 19 0.103055
3581 36.500000 25.700001 90.000000 30 0.084577
3347 36.299999 25.500000 70.000000 17 0.180036
3579 36.500000 25.500000 30.000000 96 0.086547
4049 36.900002 25.900000 30.000000 103 0.091621
3346 36.299999 25.500000 90.000000 70 0.102367
3341 36.299999 25.299999 90.000000 56 0.085208
3342 36.299999 25.299999 70.000000 14 0.167417
3572 36.500000 25.299999 70.000000 14 0.138011
3573 36.500000 25.299999 50.000000 67 0.089956
3568 36.500000 25.100000 50.000000 77 0.079258
3569 36.500000 25.100000 30.000000 96 0.084938
3570 36.500000 25.100000 10.000000 39 0.095267
3565 36.500000 24.900000 10.000000 93 0.100061
3807 36.700001 25.500000 70.000000 22 0.153277
2886 35.900002 25.500000 90.000000 40 0.069904
2656 35.700001 25.500000 90.000000 12 0.076983
2651 35.700001 25.299999 90.000000 10 0.066838
2422 35.500000 25.299999 70.000000 9 0.066318
2184 35.299999 24.900000 30.000000 83 0.114471
2906 35.900002 26.299999 90.000000 159 0.066930
2676 35.700001 26.299999 90.000000 13 0.073887
2677 35.700001 26.299999 70.000000 118 0.080317
2682 35.700001 26.500000 70.000000 100 0.076337
2683 35.700001 26.500000 50.000000 348 0.089084
2458 35.500000 26.700001 50.000000 82 0.091012
2459 35.500000 26.700001 30.000000 82 0.119199
2911 35.900002 26.500000 90.000000 112 0.075037
2912 35.900002 26.500000 70.000000 151 0.074009
2881 35.900002 25.299999 90.000000 26 0.064448
2646 35.700001 25.100000 90.000000 8 0.057895
2647 35.700001 25.100000 70.000000 45 0.082673
2642 35.700001 24.900000 70.000000 60 0.085749
2412 35.500000 24.900000 70.000000 10 0.100601
2408 35.500000 24.700001 50.000000 167 0.101670
3158 36.099998 27.100000 50.000000 89 0.072463
4887 37.700001 22.700001 70.000000 555 0.100547
4888 37.700001 22.700001 50.000000 847 0.102365
4664 37.500000 22.900000 30.000000 116 0.115230
4675 37.500000 23.299999 10.000000 270 0.116506
5104 37.900002 22.100000 30.000000 179 0.121866
4893 37.700001 22.900000 50.000000 438 0.095168
4898 37.700001 23.100000 50.000000 368 0.094072
4903 37.700001 23.299999 50.000000 249 0.091526
4908 37.700001 23.500000 50.000000 126 0.089145
4909 37.700001 23.500000 30.000000 221 0.093042
4913 37.700001 23.700001 50.000000 117 0.099579
3156 36.099998 27.100000 90.000000 33 0.077721
4668 37.500000 23.100000 50.000000 188 0.087426
4673 37.500000 23.299999 50.000000 117 0.086687
5112 37.900002 22.500000 70.000000 128 0.103702
5117 37.900002 22.700001 70.000000 256 0.098831
5118 37.900002 22.700001 50.000000 412 0.097056
3991 36.900002 23.700001 90.000000 180 0.085359
3992 36.900002 23.700001 70.000000 141 0.089745
4222 37.099998 23.700001 70.000000 73 0.090888
4449 37.299999 23.500000 30.000000 67 0.085303
3996 36.900002 23.900000 90.000000 93 0.084256
3997 36.900002 23.900000 70.000000 60 0.102926
4227 37.099998 23.900000 70.000000 39 0.102842
4232 37.099998 24.100000 70.000000 26 0.116911
4233 37.099998 24.100000 50.000000 108 0.079642
4238 37.099998 24.299999 50.000000 65 0.082356
4239 37.099998 24.299999 30.000000 75 0.082668
4240 37.099998 24.299999 10.000000 78 0.075576
4245 37.099998 24.500000 10.000000 103 0.086478
3987 36.900002 23.500000 70.000000 138 0.077771
4221 37.099998 23.700001 90.000000 110 0.080571
4457 37.299999 23.900000 70.000000 31 0.116682
4458 37.299999 23.900000 50.000000 176 0.081283
4463 37.299999 24.100000 50.000000 80 0.080725
4464 37.299999 24.100000 30.000000 56 0.076772
4694 37.500000 24.100000 30.000000 84 0.078514
4699 37.500000 24.299999 30.000000 60 0.082267
4700 37.500000 24.299999 10.000000 58 0.080575
4216 37.099998 23.500000 90.000000 100 0.079428
4442 37.299999 23.299999 70.000000 114 0.081295
5120 37.900002 22.700001 10.000000 26 0.080250
4435 37.299999 22.900000 10.000000 38 0.115097
4418 37.299999 22.299999 50.000000 119 0.115379
4414 37.299999 22.100000 30.000000 172 0.123270
4415 37.299999 22.100000 10.000000 151 0.121103
4410 37.299999 21.900000 10.000000 241 0.129149
4639 37.500000 21.900000 30.000000 136 0.135995
4640 37.500000 21.900000 10.000000 68 0.116678
4423 37.299999 22.500000 50.000000 162 0.108117
4188 37.099998 22.299999 50.000000 47 0.100029
4189 37.099998 22.299999 30.000000 110 0.104154
5134 37.900002 23.299999 30.000000 297 0.092860
5139 37.900002 23.500000 30.000000 500 0.093685
5145 37.900002 23.700001 10.000000 628 0.098039
5375 38.099998 23.700001 10.000000 376 0.089181
5380 38.099998 23.900000 10.000000 666 0.089426
4901 37.700001 23.299999 90.000000 94 0.086692
4902 37.700001 23.299999 70.000000 39 0.102124
4672 37.500000 23.299999 70.000000 71 0.107305
4674 37.500000 23.299999 30.000000 45 0.130996
4896 37.700001 23.100000 90.000000 129 0.090388
4897 37.700001 23.100000 70.000000 140 0.098952
4892 37.700001 22.900000 70.000000 357 0.096038
5123 37.900002 22.900000 50.000000 259 0.099302
4671 37.500000 23.299999 90.000000 131 0.087994
4666 37.500000 23.100000 90.000000 76 0.077385
4667 37.500000 23.100000 70.000000 142 0.085770
4434 37.299999 22.900000 30.000000 67 0.099222
4906 37.700001 23.500000 90.000000 78 0.093618
4907 37.700001 23.500000 70.000000 35 0.114044
4912 37.700001 23.700001 70.000000 34 0.109304
4918 37.700001 23.900000 50.000000 83 0.103962
4923 37.700001 24.100000 50.000000 18 0.092352
2907 35.900002 26.299999 70.000000 182 0.072434
3137 36.099998 26.299999 70.000000 74 0.077100
3138 36.099998 26.299999 50.000000 101 0.069536
3368 36.299999 26.299999 50.000000 119 0.072989
3369 36.299999 26.299999 30.000000 30 0.098445
3132 36.099998 26.100000 70.000000 72 0.086994
3133 36.099998 26.100000 50.000000 97 0.079896
3358 36.299999 25.900000 50.000000 131 0.096945
3359 36.299999 25.900000 30.000000 111 0.106810
3589 36.500000 25.900000 30.000000 147 0.095455
2933 35.900002 27.299999 50.000000 146 0.084242
5347 38.099998 22.700001 70.000000 155 0.092944
5342 38.099998 22.500000 70.000000 135 0.099712
5124 37.900002 22.900000 30.000000 111 0.135326
3187 36.099998 28.299999 70.000000 27 0.091627
3188 36.099998 28.299999 50.000000 42 0.108946
3183 36.099998 28.100000 50.000000 71 0.118517
3184 36.099998 28.100000 30.000000 66 0.164985
3418 36.299999 28.299999 50.000000 68 0.105811
3648 36.500000 28.299999 50.000000 84 0.094316
3649 36.500000 28.299999 30.000000 25 0.124525
3413 36.299999 28.100000 50.000000 108 0.108486
3635 36.500000 27.700001 10.000000 17 0.076922
3423 36.299999 28.500000 50.000000 45 0.102576
3653 36.500000 28.500000 50.000000 54 0.083480
3658 36.500000 28.700001 50.000000 25 0.079868
3659 36.500000 28.700001 30.000000 20 0.088566
3894 36.700001 28.900000 30.000000 16 0.084600
3404 36.299999 27.700001 30.000000 101 0.089425
3399 36.299999 27.500000 30.000000 40 0.089365
3400 36.299999 27.500000 10.000000 22 0.095627
3086 36.099998 24.299999 90.000000 31 0.085115
3087 36.099998 24.299999 70.000000 243 0.087943
3092 36.099998 24.500000 70.000000 210 0.090774
3322 36.299999 24.500000 70.000000 92 0.087375
3323 36.299999 24.500000 50.000000 127 0.091425
3328 36.299999 24.700001 50.000000 138 0.089470
3329 36.299999 24.700001 30.000000 42 0.097274
3559 36.500000 24.700001 30.000000 175 0.084385
3564 36.500000 24.900000 30.000000 132 0.083175
2857 35.900002 24.299999 70.000000 77 0.095552
2862 35.900002 24.500000 70.000000 123 0.089364
2632 35.700001 24.500000 70.000000 13 0.085541
2633 35.700001 24.500000 50.000000 280 0.086788
2638 35.700001 24.700001 50.000000 237 0.084391
2415 35.500000 24.900000 10.000000 126 0.088422
3097 36.099998 24.700001 70.000000 110 0.088437
3098 36.099998 24.700001 50.000000 86 0.091664
3103 36.099998 24.900000 50.000000 71 0.096917
3333 36.299999 24.900000 50.000000 118 0.089281
3338 36.299999 25.100000 50.000000 79 0.092579
3339 36.299999 25.100000 30.000000 100 0.104053
3344 36.299999 25.299999 30.000000 104 0.114716
3345 36.299999 25.299999 10.000000 83 0.117804
3575 36.500000 25.299999 10.000000 64 0.104940
3327 36.299999 24.700001 70.000000 35 0.093051
3563 36.500000 24.900000 50.000000 101 0.077025
3558 36.500000 24.700001 50.000000 168 0.076997
3788 36.700001 24.700001 50.000000 121 0.086090
3793 36.700001 24.900000 50.000000 127 0.085122
3794 36.700001 24.900000 30.000000 177 0.085241
4024 36.900002 24.900000 30.000000 141 0.081860
4025 36.900002 24.900000 10.000000 59 0.079605
4030 36.900002 25.100000 10.000000 99 0.084393
4260 37.099998 25.100000 10.000000 229 0.088074
4029 36.900002 25.100000 30.000000 138 0.087012
4265 37.099998 25.299999 10.000000 124 0.084103
3798 36.700001 25.100000 50.000000 76 0.089742
4034 36.900002 25.299999 30.000000 190 0.080959
4035 36.900002 25.299999 10.000000 178 0.076552
3332 36.299999 24.900000 70.000000 20 0.087888
3574 36.500000 25.299999 30.000000 87 0.088050
3557 36.500000 24.700001 70.000000 22 0.094733
3787 36.700001 24.700001 70.000000 23 0.098196
4023 36.900002 24.900000 50.000000 47 0.088694
4028 36.900002 25.100000 50.000000 48 0.108645
4258 37.099998 25.100000 50.000000 24 0.113889
4259 37.099998 25.100000 30.000000 47 0.113828
4489 37.299999 25.100000 30.000000 27 0.091291
4494 37.299999 25.299999 30.000000 17 0.096575
4495 37.299999 25.299999 10.000000 17 0.079110
4725 37.500000 25.299999 10.000000 49 0.082060
3102 36.099998 24.900000 70.000000 53 0.085481
3337 36.299999 25.100000 70.000000 21 0.112243
3343 36.299999 25.299999 50.000000 60 0.110656
3348 36.299999 25.500000 50.000000 66 0.104632
3353 36.299999 25.700001 50.000000 101 0.102483
3594 36.500000 26.100000 30.000000 75 0.089706
3595 36.500000 26.100000 10.000000 4 0.095336
3082 36.099998 24.100000 70.000000 156 0.087997
3312 36.299999 24.100000 70.000000 167 0.081782
3537 36.500000 23.900000 70.000000 124 0.083011
3767 36.700001 23.900000 70.000000 128 0.090049
3762 36.700001 23.700001 70.000000 186 0.086871
3763 36.700001 23.700001 50.000000 222 0.079454
3993 36.900002 23.700001 50.000000 253 0.078338
3988 36.900002 23.500000 50.000000 252 0.084441
3317 36.299999 24.299999 70.000000 140 0.086110
3542 36.500000 24.100000 70.000000 103 0.083115
3772 36.700001 24.100000 70.000000 49 0.098595
3998 36.900002 23.900000 50.000000 156 0.077927
4228 37.099998 23.900000 50.000000 199 0.075660
5140 37.900002 23.500000 10.000000 277 0.098366
5370 38.099998 23.500000 10.000000 85 0.094802
3173 36.099998 27.700001 50.000000 180 0.084521
3631 36.500000 27.700001 90.000000 73 0.066434
4629 37.500000 21.500000 30.000000 23 0.137310
4404 37.299999 21.700001 30.000000 19 0.142364
4399 37.299999 21.500000 30.000000 1 0.169600
4174 37.099998 21.700001 30.000000 4 0.174357
4175 37.099998 21.700001 10.000000 2 0.155391
3945 36.900002 21.700001 10.000000 2 0.155391
3824 36.700001 26.100000 30.000000 139 0.098311
5126 37.900002 23.100000 90.000000 136 0.097852
5127 37.900002 23.100000 70.000000 49 0.113311
5122 37.900002 22.900000 70.000000 157 0.094429
5132 37.900002 23.299999 70.000000 42 0.101639
5137 37.900002 23.500000 70.000000 19 0.101753
3357 36.299999 25.900000 70.000000 44 0.127930
2902 35.900002 26.100000 70.000000 230 0.067713
2678 35.700001 26.299999 50.000000 239 0.088781
2689 35.700001 26.700001 30.000000 83 0.111642
2460 35.500000 26.700001 10.000000 17 0.121562
2913 35.900002 26.500000 50.000000 121 0.074704
2695 35.700001 26.900000 10.000000 33 0.113253
3142 36.099998 26.500000 70.000000 54 0.071176
3153 36.099998 26.900000 50.000000 77 0.069832
3164 36.099998 27.299999 30.000000 19 0.087915
3771 36.700001 24.100000 90.000000 116 0.088021
3777 36.700001 24.299999 70.000000 42 0.105179
4007 36.900002 24.299999 70.000000 32 0.104495
4008 36.900002 24.299999 50.000000 81 0.083344
4009 36.900002 24.299999 30.000000 86 0.075377
4244 37.099998 24.500000 30.000000 48 0.091779
3776 36.700001 24.299999 90.000000 54 0.092151
3782 36.700001 24.500000 70.000000 32 0.101870
3783 36.700001 24.500000 50.000000 122 0.089257
3789 36.700001 24.700001 30.000000 90 0.084351
3790 36.700001 24.700001 10.000000 29 0.082009
4012 36.900002 24.500000 70.000000 28 0.094132
4013 36.900002 24.500000 50.000000 58 0.084341
4018 36.900002 24.700001 50.000000 67 0.088503
4019 36.900002 24.700001 30.000000 83 0.083695
4255 37.099998 24.900000 10.000000 78 0.081375
3766 36.700001 23.900000 90.000000 112 0.082282
3757 36.700001 23.500000 70.000000 114 0.080203
3758 36.700001 23.500000 50.000000 327 0.083669
3753 36.700001 23.299999 50.000000 389 0.101080
3754 36.700001 23.299999 30.000000 152 0.093549
3750 36.700001 23.100000 10.000000 233 0.095902
4001 36.900002 24.100000 90.000000 58 0.096298
4002 36.900002 24.100000 70.000000 44 0.117031
4468 37.299999 24.299999 50.000000 53 0.076235
4469 37.299999 24.299999 30.000000 30 0.087535
4695 37.500000 24.100000 10.000000 15 0.103095
3761 36.700001 23.700001 90.000000 107 0.079258
3752 36.700001 23.299999 70.000000 78 0.087442
3748 36.700001 23.100000 50.000000 311 0.107976
3743 36.700001 22.900000 50.000000 83 0.106310
3739 36.700001 22.700001 30.000000 61 0.114965
3970 36.900002 22.700001 10.000000 10 0.103974
4017 36.900002 24.700001 70.000000 23 0.103010
4247 37.099998 24.700001 70.000000 21 0.098274
4248 37.099998 24.700001 50.000000 40 0.088430
4253 37.099998 24.900000 50.000000 38 0.084978
4483 37.299999 24.900000 50.000000 11 0.103139
4488 37.299999 25.100000 50.000000 13 0.115399
3792 36.700001 24.900000 70.000000 13 0.111411
3541 36.500000 24.100000 90.000000 97 0.085783
3311 36.299999 24.100000 90.000000 17 0.084344
3088 36.099998 24.299999 50.000000 124 0.087397
2858 35.900002 24.299999 50.000000 226 0.090117
2628 35.700001 24.299999 50.000000 239 0.092201
2629 35.700001 24.299999 30.000000 141 0.097832
2634 35.700001 24.500000 30.000000 92 0.096519
2404 35.500000 24.500000 30.000000 200 0.105135
2405 35.500000 24.500000 10.000000 55 0.103298
4006 36.900002 24.299999 90.000000 29 0.094537
4237 37.099998 24.299999 70.000000 12 0.114775
4242 37.099998 24.500000 70.000000 15 0.095150
4243 37.099998 24.500000 50.000000 50 0.071966
4473 37.299999 24.500000 50.000000 37 0.069123
4478 37.299999 24.700001 50.000000 13 0.088696
4708 37.500000 24.700001 50.000000 10 0.086669
4709 37.500000 24.700001 30.000000 37 0.071866
4939 37.700001 24.700001 30.000000 27 0.069399
4944 37.700001 24.900000 30.000000 6 0.097896
4945 37.700001 24.900000 10.000000 28 0.072806
5175 37.900002 24.900000 10.000000 34 0.074605
4688 37.500000 23.900000 50.000000 104 0.092889
5149 37.900002 23.900000 30.000000 243 0.090985
5150 37.900002 23.900000 10.000000 297 0.086724
4452 37.299999 23.700001 70.000000 36 0.113637
3781 36.700001 24.500000 90.000000 19 0.109052
4033 36.900002 25.299999 50.000000 31 0.133594
4038 36.900002 25.500000 50.000000 54 0.112766
4660 37.500000 22.700001 10.000000 15 0.063058
5563 38.299999 22.100000 50.000000 323 0.144434
5564 38.299999 22.100000 30.000000 395 0.148493
5340 38.099998 22.299999 10.000000 175 0.105773
5345 38.099998 22.500000 10.000000 5 0.086844
5103 37.900002 22.100000 50.000000 190 0.135424
5098 37.900002 21.900000 50.000000 111 0.151339
4899 37.700001 23.100000 30.000000 127 0.101627
5129 37.900002 23.100000 30.000000 161 0.094717
5364 38.099998 23.299999 30.000000 199 0.092907
5365 38.099998 23.299999 10.000000 13 0.098539
5369 38.099998 23.500000 30.000000 221 0.092719
5374 38.099998 23.700001 30.000000 266 0.091632
4882 37.700001 22.500000 70.000000 81 0.107195
4657 37.500000 22.700001 70.000000 167 0.098431
5373 38.099998 23.700001 50.000000 17 0.106988
5378 38.099998 23.900000 50.000000 12 0.126952
5379 38.099998 23.900000 30.000000 28 0.116671
5384 38.099998 24.100000 30.000000 15 0.084734
5385 38.099998 24.100000 10.000000 16 0.084113
5390 38.099998 24.299999 10.000000 57 0.081487
4095 36.900002 27.700001 10.000000 17 0.080950
4325 37.099998 27.700001 10.000000 31 0.090432
3612 36.500000 26.900000 70.000000 28 0.145212
3619 36.500000 27.100000 30.000000 21 0.120717
3848 36.700001 27.100000 50.000000 28 0.101798
2916 35.900002 26.700001 90.000000 49 0.070091
3387 36.299999 27.100000 70.000000 63 0.084354
1708 34.900002 24.299999 50.000000 7 0.140794
1709 34.900002 24.299999 30.000000 29 0.151463
1939 35.099998 24.299999 30.000000 48 0.162788
1944 35.099998 24.500000 30.000000 37 0.145636
1945 35.099998 24.500000 10.000000 10 0.164541
1938 35.099998 24.299999 50.000000 35 0.153445
1949 35.099998 24.700001 30.000000 56 0.137898
1950 35.099998 24.700001 10.000000 83 0.137744
2444 35.500000 26.100000 30.000000 136 0.104211
2449 35.500000 26.299999 30.000000 146 0.104087
2454 35.500000 26.500000 30.000000 142 0.107756
2439 35.500000 25.900000 30.000000 178 0.089514
2434 35.500000 25.700001 30.000000 244 0.079002
2429 35.500000 25.500000 30.000000 163 0.094967
2199 35.299999 25.500000 30.000000 265 0.085532
2194 35.299999 25.299999 30.000000 253 0.101916
2674 35.700001 26.100000 30.000000 7 0.100119
2669 35.700001 25.900000 30.000000 1 0.146535
2899 35.900002 25.900000 30.000000 5 0.132064
2894 35.900002 25.700001 30.000000 8 0.123341
3124 36.099998 25.700001 30.000000 52 0.109484
3119 36.099998 25.500000 30.000000 26 0.128226
3349 36.299999 25.500000 30.000000 107 0.133874
3350 36.299999 25.500000 10.000000 200 0.125852
3580 36.500000 25.500000 10.000000 59 0.099111
2684 35.700001 26.500000 30.000000 103 0.123344
2940 35.900002 27.500000 10.000000 10 0.123517
2945 35.900002 27.700001 10.000000 26 0.115123
2399 35.500000 24.299999 30.000000 209 0.102494
2863 35.900002 24.500000 50.000000 200 0.087387
3093 36.099998 24.500000 50.000000 92 0.085247
3099 36.099998 24.700001 30.000000 7 0.108162
3334 36.299999 24.900000 30.000000 67 0.101861
2868 35.900002 24.700001 50.000000 138 0.084755
5121 37.900002 22.900000 90.000000 83 0.091448
3737 36.700001 22.700001 70.000000 11 0.113915
3738 36.700001 22.700001 50.000000 34 0.103329
3735 36.700001 22.500000 10.000000 57 0.117077
3507 36.500000 22.700001 70.000000 6 0.088399
3508 36.500000 22.700001 50.000000 16 0.121018
3513 36.500000 22.900000 50.000000 77 0.125680
3283 36.299999 22.900000 50.000000 39 0.140146
3284 36.299999 22.900000 30.000000 82 0.143551
3285 36.299999 22.900000 10.000000 73 0.144899
3055 36.099998 22.900000 10.000000 171 0.151839
4440 37.299999 23.100000 10.000000 20 0.128030
4198 37.099998 22.700001 50.000000 243 0.104609
4193 37.099998 22.500000 50.000000 80 0.096262
4425 37.299999 22.500000 10.000000 144 0.105125
3967 36.900002 22.700001 70.000000 13 0.101882
3742 36.700001 22.900000 70.000000 16 0.131086
3972 36.900002 22.900000 70.000000 35 0.085836
4904 37.700001 23.299999 30.000000 126 0.094959
5135 37.900002 23.299999 10.000000 18 0.083195
4296 37.099998 26.700001 90.000000 12 0.108458
4526 37.299999 26.700001 90.000000 3 0.121998
4527 37.299999 26.700001 70.000000 9 0.107984
4532 37.299999 26.900000 70.000000 15 0.087558
4533 37.299999 26.900000 50.000000 28 0.079721
4763 37.500000 26.900000 50.000000 28 0.093480
4764 37.500000 26.900000 30.000000 94 0.078333
4994 37.700001 26.900000 30.000000 16 0.105333
4995 37.700001 26.900000 10.000000 120 0.078599
4301 37.099998 26.900000 90.000000 14 0.091354
4306 37.099998 27.100000 90.000000 11 0.101904
4537 37.299999 27.100000 70.000000 11 0.105227
4538 37.299999 27.100000 50.000000 55 0.076556
4768 37.500000 27.100000 50.000000 12 0.096530
4769 37.500000 27.100000 30.000000 77 0.075612
4770 37.500000 27.100000 10.000000 25 0.080607
4775 37.500000 27.299999 10.000000 18 0.089313
5005 37.700001 27.299999 10.000000 18 0.089313
4056 36.900002 26.299999 90.000000 24 0.105717
4051 36.900002 26.100000 90.000000 20 0.090940
2927 35.900002 27.100000 70.000000 107 0.081753
2921 35.900002 26.900000 90.000000 15 0.079973
4081 36.900002 27.299999 90.000000 13 0.094189
4086 36.900002 27.500000 90.000000 13 0.079798
4091 36.900002 27.700001 90.000000 7 0.064595
3396 36.299999 27.500000 90.000000 38 0.082053
3636 36.500000 27.900000 90.000000 13 0.053284
4413 37.299999 22.100000 50.000000 18 0.158169
4409 37.299999 21.900000 30.000000 85 0.144495
4179 37.099998 21.900000 30.000000 22 0.127636
4408 37.299999 21.900000 50.000000 8 0.140637
4183 37.099998 22.100000 50.000000 13 0.115275
4178 37.099998 21.900000 50.000000 6 0.095275
3949 36.900002 21.900000 30.000000 19 0.163734
3960 36.900002 22.299999 10.000000 11 0.144715
1734 34.900002 25.299999 30.000000 5 0.162208
1729 34.900002 25.100000 30.000000 8 0.188415
1959 35.099998 25.100000 30.000000 54 0.115887
1960 35.099998 25.100000 10.000000 19 0.103108
1955 35.099998 24.900000 10.000000 123 0.131619
1954 35.099998 24.900000 30.000000 57 0.128864
2914 35.900002 26.500000 30.000000 28 0.105964
3144 36.099998 26.500000 30.000000 15 0.127274
3374 36.299999 26.500000 30.000000 30 0.126046
3375 36.299999 26.500000 10.000000 9 0.147780
2919 35.900002 26.700001 30.000000 10 0.078187
3154 36.099998 26.900000 30.000000 10 0.125753
3159 36.099998 27.100000 30.000000 11 0.118890
3389 36.299999 27.100000 30.000000 17 0.115711
3390 36.299999 27.100000 10.000000 5 0.135016
3395 36.299999 27.299999 10.000000 29 0.117762
2679 35.700001 26.299999 30.000000 45 0.095574
2909 35.900002 26.299999 30.000000 43 0.087359
2904 35.900002 26.100000 30.000000 24 0.079474
3134 36.099998 26.100000 30.000000 48 0.083497
3129 36.099998 25.900000 30.000000 51 0.095053
3590 36.500000 25.900000 10.000000 24 0.077656
3364 36.299999 26.100000 30.000000 84 0.096228
3139 36.099998 26.299999 30.000000 33 0.094934
3825 36.700001 26.100000 10.000000 34 0.094205
3354 36.299999 25.700001 30.000000 122 0.113596
4320 37.099998 27.500000 10.000000 8 0.088310
4328 37.099998 27.900000 50.000000 26 0.075981
4329 37.099998 27.900000 30.000000 14 0.106134
4324 37.099998 27.700001 30.000000 34 0.097492
4554 37.299999 27.700001 30.000000 18 0.089005
4555 37.299999 27.700001 10.000000 11 0.086767
3041 36.099998 22.500000 90.000000 12 0.082662
3046 36.099998 22.700001 90.000000 14 0.088835
3047 36.099998 22.700001 70.000000 6 0.115148
3048 36.099998 22.700001 50.000000 4 0.097554
3053 36.099998 22.900000 50.000000 11 0.135663
3054 36.099998 22.900000 30.000000 9 0.134416
2817 35.900002 22.700001 70.000000 8 0.112139
2822 35.900002 22.900000 70.000000 11 0.110750
2823 35.900002 22.900000 50.000000 10 0.131923
2828 35.900002 23.100000 50.000000 9 0.165359
2829 35.900002 23.100000 30.000000 35 0.172376
2830 35.900002 23.100000 10.000000 10 0.154928
2835 35.900002 23.299999 10.000000 291 0.153274
3276 36.299999 22.700001 90.000000 20 0.073631
3277 36.299999 22.700001 70.000000 5 0.110501
3512 36.500000 22.900000 70.000000 12 0.112847
3271 36.299999 22.500000 90.000000 8 0.082876
3272 36.299999 22.500000 70.000000 9 0.103841
3267 36.299999 22.299999 70.000000 4 0.070803
3497 36.500000 22.299999 70.000000 7 0.075928
3727 36.700001 22.299999 70.000000 5 0.070934
3722 36.700001 22.100000 70.000000 3 0.076937
3723 36.700001 22.100000 50.000000 10 0.084978
3953 36.900002 22.100000 50.000000 9 0.075647
3501 36.500000 22.500000 90.000000 4 0.070358
3502 36.500000 22.500000 70.000000 7 0.084828
3732 36.700001 22.500000 70.000000 4 0.080783
3962 36.900002 22.500000 70.000000 2 0.080586
4192 37.099998 22.500000 70.000000 7 0.067351
3051 36.099998 22.900000 90.000000 6 0.074489
3281 36.299999 22.900000 90.000000 12 0.061638
3286 36.299999 23.100000 90.000000 5 0.059599
3287 36.299999 23.100000 70.000000 6 0.078889
3522 36.500000 23.299999 70.000000 21 0.074121
3527 36.500000 23.500000 70.000000 74 0.083649
3768 36.700001 23.900000 50.000000 171 0.078921
4003 36.900002 24.100000 50.000000 117 0.081116
4004 36.900002 24.100000 30.000000 86 0.073393
4234 37.099998 24.100000 30.000000 50 0.074605
5337 38.099998 22.299999 70.000000 61 0.098021
5354 38.099998 22.900000 30.000000 43 0.112764
5359 38.099998 23.100000 30.000000 53 0.092693
5107 37.900002 22.299999 70.000000 51 0.105179
5363 38.099998 23.299999 50.000000 197 0.090651
4859 37.700001 21.500000 30.000000 47 0.148534
4446 37.299999 23.500000 90.000000 90 0.085931
4447 37.299999 23.500000 70.000000 60 0.086045
4211 37.099998 23.299999 90.000000 53 0.075747
4441 37.299999 23.299999 90.000000 158 0.088998
2639 35.700001 24.700001 30.000000 68 0.083265
2869 35.900002 24.700001 30.000000 6 0.091434
3104 36.099998 24.900000 30.000000 18 0.116500
3335 36.299999 24.900000 10.000000 2 0.141076
2874 35.900002 24.900000 30.000000 7 0.115459
3394 36.299999 27.299999 30.000000 28 0.106861
3148 36.099998 26.700001 50.000000 93 0.071899
3378 36.299999 26.700001 50.000000 69 0.074826
3373 36.299999 26.500000 50.000000 90 0.069367
2944 35.900002 27.700001 30.000000 51 0.102007
3383 36.299999 26.900000 50.000000 63 0.071472
3384 36.299999 26.900000 30.000000 12 0.083681
3614 36.500000 26.900000 30.000000 23 0.083608
3615 36.500000 26.900000 10.000000 7 0.107492
3388 36.299999 27.100000 50.000000 61 0.076254
3393 36.299999 27.299999 50.000000 70 0.077821
3143 36.099998 26.500000 50.000000 105 0.067229
3829 36.700001 26.299999 30.000000 32 0.082578
3849 36.700001 27.100000 30.000000 22 0.123413
3128 36.099998 25.900000 50.000000 97 0.087033
3355 36.299999 25.700001 10.000000 129 0.120652
4074 36.900002 26.900000 30.000000 5 0.129737
4075 36.900002 26.900000 10.000000 1 0.180798
4083 36.900002 27.299999 50.000000 50 0.086205
4314 37.099998 27.299999 30.000000 6 0.062220
4319 37.099998 27.500000 30.000000 10 0.095647
4278 37.099998 25.900000 50.000000 5 0.068669
4273 37.099998 25.700001 50.000000 12 0.069400
4274 37.099998 25.700001 30.000000 51 0.096067
4504 37.299999 25.700001 30.000000 9 0.079412
4499 37.299999 25.500000 30.000000 17 0.077901
4500 37.299999 25.500000 10.000000 13 0.071961
4730 37.500000 25.500000 10.000000 16 0.078496
3879 36.700001 28.299999 30.000000 36 0.109868
4268 37.099998 25.500000 50.000000 12 0.089791
4263 37.099998 25.299999 50.000000 11 0.123055
4264 37.099998 25.299999 30.000000 59 0.093786
4490 37.299999 25.100000 10.000000 10 0.064751
4720 37.500000 25.100000 10.000000 10 0.071344
4715 37.500000 24.900000 10.000000 54 0.083106
2672 35.700001 26.100000 70.000000 180 0.065515
2667 35.700001 25.900000 70.000000 232 0.072133
2668 35.700001 25.900000 50.000000 318 0.082102
2663 35.700001 25.700001 50.000000 173 0.083519
2428 35.500000 25.500000 50.000000 254 0.091036
3494 36.500000 22.100000 30.000000 17 0.187144
3499 36.500000 22.299999 30.000000 22 0.178320
3500 36.500000 22.299999 10.000000 7 0.218697
3724 36.700001 22.100000 30.000000 19 0.140423
3719 36.700001 21.900000 30.000000 10 0.191397
3729 36.700001 22.299999 30.000000 11 0.148115
3730 36.700001 22.299999 10.000000 6 0.184357
4269 37.099998 25.500000 30.000000 27 0.091323
3419 36.299999 28.299999 30.000000 23 0.144589
3414 36.299999 28.100000 30.000000 107 0.146800
3654 36.500000 28.500000 30.000000 16 0.105849
3178 36.099998 27.900000 50.000000 107 0.103235
2943 35.900002 27.700001 50.000000 117 0.087386
2709 35.700001 27.500000 30.000000 76 0.095533
3850 36.700001 27.100000 10.000000 16 0.135538
4088 36.900002 27.500000 50.000000 75 0.078484
4309 37.099998 27.100000 30.000000 5 0.066908
4310 37.099998 27.100000 10.000000 4 0.077213
3609 36.500000 26.700001 30.000000 27 0.076991
3610 36.500000 26.700001 10.000000 15 0.073697
4318 37.099998 27.500000 50.000000 61 0.069316
4539 37.299999 27.100000 30.000000 60 0.073856
4765 37.500000 26.900000 10.000000 93 0.077491
4308 37.099998 27.100000 50.000000 31 0.078460
4534 37.299999 26.900000 30.000000 15 0.078204
4529 37.299999 26.700001 30.000000 20 0.076135
4759 37.500000 26.700001 30.000000 28 0.073340
4754 37.500000 26.500000 30.000000 14 0.063322
4755 37.500000 26.500000 10.000000 10 0.061381
4750 37.500000 26.299999 10.000000 17 0.075761
4980 37.700001 26.299999 10.000000 23 0.070565
4323 37.099998 27.700001 50.000000 48 0.074279
4548 37.299999 27.500000 50.000000 38 0.071734
4778 37.500000 27.500000 50.000000 9 0.066611
4773 37.500000 27.299999 50.000000 23 0.070090
5003 37.700001 27.299999 50.000000 10 0.064036
5004 37.700001 27.299999 30.000000 9 0.066611
4999 37.700001 27.100000 30.000000 12 0.063878
5229 37.900002 27.100000 30.000000 14 0.064726
5230 37.900002 27.100000 10.000000 9 0.066611
5225 37.900002 26.900000 10.000000 20 0.078997
5455 38.099998 26.900000 10.000000 19 0.078478
3532 36.500000 23.700001 70.000000 150 0.088203
3528 36.500000 23.500000 50.000000 506 0.083830
3523 36.500000 23.299999 50.000000 480 0.107947
3293 36.299999 23.299999 50.000000 629 0.114273
3294 36.299999 23.299999 30.000000 302 0.134658
3289 36.299999 23.100000 30.000000 259 0.135381
3290 36.299999 23.100000 10.000000 213 0.136951
3060 36.099998 23.100000 10.000000 191 0.153679
3773 36.700001 24.100000 50.000000 141 0.082678
4219 37.099998 23.500000 30.000000 41 0.087172
4214 37.099998 23.299999 30.000000 153 0.124021
3778 36.700001 24.299999 50.000000 99 0.097060
4223 37.099998 23.700001 50.000000 256 0.079353
3307 36.299999 23.900000 70.000000 102 0.083984
3308 36.299999 23.900000 50.000000 396 0.083186
3078 36.099998 23.900000 50.000000 229 0.088476
3083 36.099998 24.100000 50.000000 174 0.086323
2853 35.900002 24.100000 50.000000 279 0.095289
3551 36.500000 24.500000 90.000000 31 0.088643
3556 36.500000 24.700001 90.000000 28 0.092674
3562 36.500000 24.900000 70.000000 11 0.113349
3786 36.700001 24.700001 90.000000 6 0.113175
3321 36.299999 24.500000 90.000000 35 0.076910
3326 36.299999 24.700001 90.000000 44 0.085634
2867 35.900002 24.700001 70.000000 122 0.088116
2644 35.700001 24.900000 30.000000 28 0.104119
3546 36.500000 24.299999 90.000000 55 0.085593
3983 36.900002 23.299999 50.000000 309 0.102077
3984 36.900002 23.299999 30.000000 132 0.121720
4210 37.099998 23.100000 10.000000 6 0.065605
5088 37.900002 21.500000 50.000000 30 0.123789
5093 37.900002 21.700001 50.000000 42 0.136577
5330 38.099998 21.900000 10.000000 78 0.166005
2877 35.900002 25.100000 70.000000 80 0.086632
2878 35.900002 25.100000 50.000000 55 0.087207
2883 35.900002 25.299999 50.000000 40 0.097106
3113 36.099998 25.299999 50.000000 42 0.097978
3114 36.099998 25.299999 30.000000 19 0.120190
2643 35.700001 24.900000 50.000000 191 0.091743
3108 36.099998 25.100000 50.000000 45 0.092313
2882 35.900002 25.299999 70.000000 60 0.080333
3107 36.099998 25.100000 70.000000 35 0.088713
3112 36.099998 25.299999 70.000000 23 0.085084
3118 36.099998 25.500000 50.000000 44 0.088540
2673 35.700001 26.100000 50.000000 215 0.082572
2443 35.500000 26.100000 50.000000 257 0.092753
2448 35.500000 26.299999 50.000000 265 0.091004
1724 34.900002 24.900000 30.000000 8 0.207561
2649 35.700001 25.100000 30.000000 17 0.114336
2879 35.900002 25.100000 30.000000 5 0.107781
2884 35.900002 25.299999 30.000000 14 0.117122
5573 38.299999 22.500000 50.000000 194 0.096291
5578 38.299999 22.700001 50.000000 69 0.089145
5583 38.299999 22.900000 50.000000 85 0.090865
4195 37.099998 22.500000 10.000000 7 0.120977
5588 38.299999 23.100000 50.000000 27 0.088516
5593 38.299999 23.299999 50.000000 9 0.073012
5368 38.099998 23.500000 50.000000 44 0.088898
3974 36.900002 22.900000 30.000000 325 0.117970
3975 36.900002 22.900000 10.000000 274 0.118345
4197 37.099998 22.700001 70.000000 47 0.103845
4202 37.099998 22.900000 70.000000 91 0.089360
4678 37.500000 23.500000 50.000000 182 0.086878
4679 37.500000 23.500000 30.000000 86 0.093282
4229 37.099998 23.900000 30.000000 15 0.083844
3172 36.099998 27.700001 70.000000 42 0.080534
3833 36.700001 26.500000 50.000000 59 0.084511
4686 37.500000 23.900000 90.000000 79 0.088131
4916 37.700001 23.900000 90.000000 32 0.096972
4917 37.700001 23.900000 70.000000 23 0.120574
4691 37.500000 24.100000 90.000000 60 0.100961
4692 37.500000 24.100000 70.000000 14 0.120977
4693 37.500000 24.100000 50.000000 58 0.082731
4698 37.500000 24.299999 50.000000 28 0.093783
4929 37.700001 24.299999 30.000000 42 0.077899
4681 37.500000 23.700001 90.000000 70 0.086901
4676 37.500000 23.500000 90.000000 104 0.086852
4677 37.500000 23.500000 70.000000 41 0.114652
4461 37.299999 24.100000 90.000000 53 0.098075
4466 37.299999 24.299999 90.000000 19 0.103202
4467 37.299999 24.299999 70.000000 9 0.131762
4474 37.299999 24.500000 30.000000 19 0.075633
4911 37.700001 23.700001 90.000000 39 0.093758
5142 37.900002 23.700001 70.000000 13 0.118131
4921 37.700001 24.100000 90.000000 18 0.112012
4922 37.700001 24.100000 70.000000 10 0.117862
5152 37.900002 24.100000 70.000000 4 0.087764
5157 37.900002 24.299999 70.000000 2 0.086811
5158 37.900002 24.299999 50.000000 5 0.102531
5159 37.900002 24.299999 30.000000 37 0.080139
5389 38.099998 24.299999 30.000000 3 0.099223
4696 37.500000 24.299999 90.000000 14 0.097156
4701 37.500000 24.500000 90.000000 9 0.090196
4702 37.500000 24.500000 70.000000 11 0.104308
4703 37.500000 24.500000 50.000000 34 0.075130
4714 37.500000 24.900000 30.000000 14 0.109604
4926 37.700001 24.299999 90.000000 2 0.115182
4931 37.700001 24.500000 90.000000 1 0.086070
4932 37.700001 24.500000 70.000000 3 0.099718
4933 37.700001 24.500000 50.000000 5 0.113581
4938 37.700001 24.700001 50.000000 4 0.108871
5174 37.900002 24.900000 30.000000 1 0.086070
4451 37.299999 23.700001 90.000000 56 0.081229
4471 37.299999 24.500000 90.000000 11 0.095721
4472 37.299999 24.500000 70.000000 7 0.103451
4477 37.299999 24.700001 70.000000 16 0.098211
4254 37.099998 24.900000 30.000000 67 0.083980
4662 37.500000 22.900000 70.000000 209 0.094016
4706 37.500000 24.700001 90.000000 6 0.079944
4707 37.500000 24.700001 70.000000 4 0.095645
4712 37.500000 24.900000 70.000000 2 0.047132
4713 37.500000 24.900000 50.000000 2 0.031487
4718 37.500000 25.100000 50.000000 3 0.064855
4719 37.500000 25.100000 30.000000 12 0.071744
4724 37.500000 25.299999 30.000000 10 0.099383
4236 37.099998 24.299999 90.000000 19 0.102417
4241 37.099998 24.500000 90.000000 33 0.094295
4476 37.299999 24.700001 90.000000 15 0.096223
4252 37.099998 24.900000 70.000000 11 0.072984
4270 37.099998 25.500000 10.000000 241 0.085737
4206 37.099998 23.100000 90.000000 14 0.070177
4482 37.299999 24.900000 70.000000 7 0.081278
4487 37.299999 25.100000 70.000000 7 0.126121
4246 37.099998 24.700001 90.000000 10 0.079720
4022 36.900002 24.900000 70.000000 16 0.100168
4456 37.299999 23.900000 90.000000 47 0.092156
3986 36.900002 23.500000 90.000000 54 0.075038
3756 36.700001 23.500000 90.000000 12 0.058136
3518 36.500000 23.100000 50.000000 239 0.114294
3519 36.500000 23.100000 30.000000 261 0.128756
4891 37.700001 22.900000 90.000000 33 0.080475
4436 37.299999 23.100000 90.000000 63 0.080743
4431 37.299999 22.900000 90.000000 16 0.067110
4432 37.299999 22.900000 70.000000 124 0.086690
4427 37.299999 22.700001 70.000000 74 0.082251
4422 37.299999 22.500000 70.000000 12 0.065639
4661 37.500000 22.900000 90.000000 27 0.067934
4656 37.500000 22.700001 90.000000 7 0.071509
4652 37.500000 22.500000 70.000000 40 0.093984
4481 37.299999 24.900000 90.000000 14 0.098100
4251 37.099998 24.900000 90.000000 17 0.096938
4256 37.099998 25.100000 90.000000 32 0.129420
4257 37.099998 25.100000 70.000000 9 0.165592
4262 37.099998 25.299999 70.000000 4 0.176222
4201 37.099998 22.900000 90.000000 7 0.076832
4196 37.099998 22.700001 90.000000 2 0.063678
3273 36.299999 22.500000 50.000000 9 0.141703
3274 36.299999 22.500000 30.000000 4 0.200982
3278 36.299999 22.700001 50.000000 11 0.138611
3279 36.299999 22.700001 30.000000 54 0.138221
3268 36.299999 22.299999 50.000000 3 0.125970
3498 36.500000 22.299999 50.000000 12 0.108708
3725 36.700001 22.100000 10.000000 9 0.134045
2948 35.900002 27.900000 50.000000 65 0.100542
3068 36.099998 23.500000 50.000000 904 0.102916
3063 36.099998 23.299999 50.000000 624 0.121552
3064 36.099998 23.299999 30.000000 302 0.158482
3059 36.099998 23.100000 30.000000 154 0.164579
3298 36.299999 23.500000 50.000000 967 0.091999
3520 36.500000 23.100000 10.000000 154 0.134732
3515 36.500000 22.900000 10.000000 115 0.141829
3288 36.299999 23.100000 50.000000 128 0.118380
3514 36.500000 22.900000 30.000000 81 0.131218
3740 36.700001 22.700001 10.000000 44 0.115146
3303 36.299999 23.700001 50.000000 546 0.082251
3313 36.299999 24.100000 50.000000 247 0.081669
3543 36.500000 24.100000 50.000000 264 0.081070
3548 36.500000 24.299999 50.000000 248 0.084972
3549 36.500000 24.299999 30.000000 139 0.107383
3554 36.500000 24.500000 30.000000 124 0.101498
3560 36.500000 24.700001 10.000000 65 0.093526
3533 36.500000 23.700001 50.000000 312 0.078485
3538 36.500000 23.900000 50.000000 268 0.079829
3774 36.700001 24.100000 30.000000 114 0.095520
4459 37.299999 23.900000 30.000000 82 0.079765
4690 37.500000 23.900000 10.000000 66 0.080767
3553 36.500000 24.500000 50.000000 176 0.080629
4249 37.099998 24.700001 30.000000 53 0.076417
4479 37.299999 24.700001 30.000000 38 0.068835
4480 37.299999 24.700001 10.000000 25 0.066708
4485 37.299999 24.900000 10.000000 29 0.075157
4704 37.500000 24.500000 30.000000 33 0.072905
4940 37.700001 24.700001 10.000000 23 0.065440
3073 36.099998 23.700001 50.000000 260 0.093380
2843 35.900002 23.700001 50.000000 210 0.107616
2848 35.900002 23.900000 50.000000 266 0.098821
2618 35.700001 23.900000 50.000000 67 0.123162
2623 35.700001 24.100000 50.000000 179 0.105866
2624 35.700001 24.100000 30.000000 179 0.108122
2394 35.500000 24.100000 30.000000 163 0.112405
2400 35.500000 24.299999 10.000000 195 0.114505
2170 35.299999 24.299999 10.000000 38 0.127035
3784 36.700001 24.500000 30.000000 72 0.098503
3299 36.299999 23.500000 30.000000 217 0.123319
3295 36.299999 23.299999 10.000000 38 0.105039
3524 36.500000 23.299999 30.000000 222 0.110447
3529 36.500000 23.500000 30.000000 78 0.087551
3759 36.700001 23.500000 30.000000 34 0.091213
4215 37.099998 23.299999 10.000000 36 0.135442
3534 36.500000 23.700001 30.000000 15 0.084571
3764 36.700001 23.700001 30.000000 16 0.096303
3994 36.900002 23.700001 30.000000 11 0.087279
4224 37.099998 23.700001 30.000000 11 0.090819
4454 37.299999 23.700001 30.000000 36 0.093336
2838 35.900002 23.500000 50.000000 66 0.131495
3318 36.299999 24.299999 50.000000 115 0.091392
3509 36.500000 22.700001 30.000000 85 0.128137
5160 37.900002 24.299999 10.000000 35 0.075767
3062 36.099998 23.299999 70.000000 112 0.084319
3058 36.099998 23.100000 50.000000 10 0.146706
3067 36.099998 23.500000 70.000000 63 0.074189
3297 36.299999 23.500000 70.000000 66 0.073285
3292 36.299999 23.299999 70.000000 67 0.083343
3302 36.299999 23.700001 70.000000 75 0.081719
2410 35.500000 24.700001 10.000000 93 0.088239
2398 35.500000 24.299999 50.000000 59 0.102925
4014 36.900002 24.500000 30.000000 37 0.086132
2403 35.500000 24.500000 50.000000 106 0.104731
3340 36.299999 25.100000 10.000000 13 0.105468
3503 36.500000 22.500000 50.000000 8 0.091706
3069 36.099998 23.500000 30.000000 138 0.124557
3510 36.500000 22.700001 10.000000 62 0.126589
3161 36.099998 27.299999 90.000000 4 0.075056
2926 35.900002 27.100000 90.000000 2 0.077541
2698 35.700001 27.100000 50.000000 148 0.095220
3401 36.299999 27.700001 90.000000 7 0.075790
3065 36.099998 23.299999 10.000000 80 0.134801
3074 36.099998 23.700001 30.000000 42 0.100645
2844 35.900002 23.700001 30.000000 141 0.117268
2849 35.900002 23.900000 30.000000 125 0.102185
2619 35.700001 23.900000 30.000000 166 0.113758
3304 36.299999 23.700001 30.000000 41 0.089851
3309 36.299999 23.900000 30.000000 33 0.092169
3314 36.299999 24.100000 30.000000 32 0.102879
3544 36.500000 24.100000 30.000000 80 0.108263
3079 36.099998 23.900000 30.000000 21 0.079283
2854 35.900002 24.100000 30.000000 55 0.106147
3539 36.500000 23.900000 30.000000 62 0.102705
4087 36.900002 27.500000 70.000000 29 0.087999
4542 37.299999 27.299999 70.000000 4 0.102194
4774 37.500000 27.299999 30.000000 33 0.079818
3871 36.700001 28.100000 90.000000 3 0.060461
4113 36.900002 28.500000 50.000000 23 0.085530
4114 36.900002 28.500000 30.000000 41 0.084466
3779 36.700001 24.299999 30.000000 88 0.116734
3769 36.700001 23.900000 30.000000 37 0.096707
4010 36.900002 24.299999 10.000000 18 0.076595
2834 35.900002 23.299999 30.000000 127 0.169287
3182 36.099998 28.100000 70.000000 55 0.089605
3417 36.299999 28.299999 70.000000 22 0.085669
3412 36.299999 28.100000 70.000000 34 0.083566
3407 36.299999 27.900000 70.000000 46 0.077771
2852 35.900002 24.100000 70.000000 23 0.093323
2839 35.900002 23.500000 30.000000 88 0.111644
2840 35.900002 23.500000 10.000000 73 0.111231
3177 36.099998 27.900000 70.000000 54 0.084709
3127 36.099998 25.900000 70.000000 42 0.104600
3123 36.099998 25.700001 50.000000 70 0.088628
2908 35.900002 26.299999 50.000000 107 0.078309
3377 36.299999 26.700001 70.000000 14 0.089410
2469 35.500000 27.100000 30.000000 38 0.122745
2474 35.500000 27.299999 30.000000 13 0.127639
4102 36.900002 28.100000 70.000000 57 0.099422
4553 37.299999 27.700001 50.000000 14 0.071144
4779 37.500000 27.500000 30.000000 5 0.087487
4327 37.099998 27.900000 70.000000 8 0.071937
3989 36.900002 23.500000 30.000000 9 0.092888
2903 35.900002 26.100000 50.000000 72 0.085491
2438 35.500000 25.900000 50.000000 354 0.085891
2433 35.500000 25.700001 50.000000 323 0.086194
2898 35.900002 25.900000 50.000000 76 0.087910
3379 36.299999 26.700001 30.000000 15 0.085707
4288 37.099998 26.299999 50.000000 9 0.087810
4289 37.099998 26.299999 30.000000 4 0.069963
4519 37.299999 26.299999 30.000000 8 0.071562
4749 37.500000 26.299999 30.000000 13 0.077630
4063 36.900002 26.500000 50.000000 24 0.075588
4293 37.099998 26.500000 50.000000 10 0.066579
4298 37.099998 26.700001 50.000000 14 0.080529
4528 37.299999 26.700001 50.000000 18 0.085275
4760 37.500000 26.700001 10.000000 6 0.072972
4990 37.700001 26.700001 10.000000 8 0.074074
3832 36.700001 26.500000 70.000000 62 0.118892
2453 35.500000 26.500000 50.000000 206 0.093274
2219 35.299999 26.299999 30.000000 225 0.097486
2220 35.299999 26.299999 10.000000 220 0.095191
1990 35.099998 26.299999 10.000000 282 0.096080
2204 35.299999 25.700001 30.000000 356 0.083241
2205 35.299999 25.700001 10.000000 323 0.094890
2200 35.299999 25.500000 10.000000 421 0.083679
1970 35.099998 25.500000 10.000000 348 0.084369
2614 35.700001 23.700001 30.000000 94 0.122941
2615 35.700001 23.700001 10.000000 33 0.103779
2620 35.700001 23.900000 10.000000 114 0.111355
2390 35.500000 23.900000 10.000000 373 0.134285
2384 35.500000 23.700001 30.000000 129 0.174055
2389 35.500000 23.900000 30.000000 94 0.153601
2195 35.299999 25.299999 10.000000 168 0.094812
4322 37.099998 27.700001 70.000000 8 0.066163
4036 36.900002 25.500000 90.000000 25 0.169864
4037 36.900002 25.500000 70.000000 11 0.161609
3806 36.700001 25.500000 90.000000 22 0.144493
3802 36.700001 25.299999 70.000000 21 0.190904
4267 37.099998 25.500000 70.000000 1 0.286678
4041 36.900002 25.700001 90.000000 8 0.172896
4042 36.900002 25.700001 70.000000 30 0.124728
4031 36.900002 25.299999 90.000000 38 0.160348
4032 36.900002 25.299999 70.000000 20 0.177731
3812 36.700001 25.700001 70.000000 32 0.121960
4027 36.900002 25.100000 70.000000 14 0.164981
4266 37.099998 25.500000 90.000000 1 0.075513
4496 37.299999 25.500000 90.000000 1 0.075513
4497 37.299999 25.500000 70.000000 1 0.075513
4498 37.299999 25.500000 50.000000 4 0.078530
4493 37.299999 25.299999 50.000000 6 0.120505
4261 37.099998 25.299999 90.000000 12 0.141036
4484 37.299999 24.900000 30.000000 26 0.094455
3811 36.700001 25.700001 90.000000 14 0.128024
3830 36.700001 26.299999 10.000000 1 0.137064
4026 36.900002 25.100000 90.000000 27 0.139554
4491 37.299999 25.299999 90.000000 3 0.135294
4486 37.299999 25.100000 90.000000 5 0.126976
4716 37.500000 25.100000 90.000000 1 0.122447
4717 37.500000 25.100000 70.000000 1 0.122447
4948 37.700001 25.100000 50.000000 1 0.122447
4949 37.700001 25.100000 30.000000 2 0.103883
4705 37.500000 24.500000 10.000000 4 0.082929
4711 37.500000 24.900000 90.000000 3 0.116471
4937 37.700001 24.700001 70.000000 3 0.116471
5168 37.900002 24.700001 50.000000 1 0.104872
5163 37.900002 24.500000 50.000000 5 0.110944
5164 37.900002 24.500000 30.000000 7 0.102472
5165 37.900002 24.500000 10.000000 3 0.116471
5395 38.099998 24.500000 10.000000 3 0.116471
3801 36.700001 25.299999 90.000000 57 0.145538
3571 36.500000 25.299999 90.000000 37 0.094379
3111 36.099998 25.299999 90.000000 54 0.075373
3106 36.099998 25.100000 90.000000 69 0.080197
2876 35.900002 25.100000 90.000000 28 0.074146
3367 36.299999 26.299999 70.000000 35 0.137172
3838 36.700001 26.700001 50.000000 49 0.078849
3839 36.700001 26.700001 30.000000 10 0.079870
2442 35.500000 26.100000 70.000000 28 0.075780
2213 35.299999 26.100000 50.000000 60 0.091856
2214 35.299999 26.100000 30.000000 150 0.101848
4080 36.900002 27.100000 10.000000 3 0.117511
3116 36.099998 25.500000 90.000000 46 0.070857
2872 35.900002 24.900000 70.000000 78 0.078062
2637 35.700001 24.700001 70.000000 40 0.084874
2395 35.500000 24.100000 10.000000 383 0.125885
5806 38.500000 22.700001 90.000000 7 0.064819
5576 38.299999 22.700001 90.000000 33 0.084831
5577 38.299999 22.700001 70.000000 51 0.091852
5571 38.299999 22.500000 90.000000 5 0.080535
5572 38.299999 22.500000 70.000000 49 0.087667
5581 38.299999 22.900000 90.000000 34 0.087611
5582 38.299999 22.900000 70.000000 24 0.096486
5587 38.299999 23.100000 70.000000 12 0.099907
5352 38.099998 22.900000 70.000000 91 0.099852
5811 38.500000 22.900000 90.000000 1 0.041213
5357 38.099998 23.100000 70.000000 34 0.103427
5362 38.099998 23.299999 70.000000 26 0.089277
5346 38.099998 22.700001 90.000000 42 0.079452
1964 35.099998 25.299999 30.000000 24 0.134553
1965 35.099998 25.299999 10.000000 15 0.140151
4302 37.099998 26.900000 70.000000 12 0.076889
1494 34.700001 24.900000 30.000000 2 0.174728
2613 35.700001 23.700001 50.000000 26 0.121900
4767 37.500000 27.100000 70.000000 3 0.121161
4993 37.700001 26.900000 50.000000 6 0.112295
5224 37.900002 26.900000 30.000000 11 0.089130
2243 35.299999 27.299999 50.000000 2 0.124647
2238 35.299999 27.100000 50.000000 2 0.129194
2239 35.299999 27.100000 30.000000 7 0.136486
2240 35.299999 27.100000 10.000000 2 0.124647
2235 35.299999 26.900000 10.000000 2 0.124647
2223 35.299999 26.500000 50.000000 9 0.104855
2224 35.299999 26.500000 30.000000 83 0.098781
2209 35.299999 25.900000 30.000000 206 0.096725
2703 35.700001 27.299999 50.000000 39 0.088363
2203 35.299999 25.700001 50.000000 59 0.093261
2198 35.299999 25.500000 50.000000 70 0.116778
3647 36.500000 28.299999 70.000000 14 0.094613
3888 36.700001 28.700001 50.000000 4 0.088665
3536 36.500000 23.900000 90.000000 29 0.075768
3547 36.500000 24.299999 70.000000 50 0.096354
3552 36.500000 24.500000 70.000000 30 0.085393
3747 36.700001 23.100000 70.000000 17 0.114350
2193 35.299999 25.299999 50.000000 58 0.113000
2208 35.299999 25.900000 50.000000 58 0.108935
1984 35.099998 26.100000 30.000000 28 0.112823
1985 35.099998 26.100000 10.000000 74 0.103372
2188 35.299999 25.100000 50.000000 31 0.105321
2183 35.299999 24.900000 50.000000 20 0.122014
2888 35.900002 25.500000 50.000000 50 0.097436
3999 36.900002 23.900000 30.000000 25 0.076991
3428 36.299999 28.700001 50.000000 18 0.098212
3880 36.700001 28.299999 10.000000 6 0.131512
3189 36.099998 28.299999 30.000000 16 0.165573
3122 36.099998 25.700001 70.000000 21 0.123990
2681 35.700001 26.500000 90.000000 9 0.085921
2671 35.700001 26.100000 90.000000 20 0.085962
2666 35.700001 25.900000 90.000000 25 0.080402
2432 35.500000 25.700001 70.000000 23 0.092251
4880 37.700001 22.299999 10.000000 7 0.154794
2952 35.900002 28.100000 70.000000 19 0.078538
2953 35.900002 28.100000 50.000000 16 0.102542
2949 35.900002 27.900000 30.000000 20 0.155775
2950 35.900002 27.900000 10.000000 9 0.143832
2947 35.900002 27.900000 70.000000 17 0.071315
2713 35.700001 27.700001 50.000000 33 0.088278
2708 35.700001 27.500000 50.000000 41 0.081385
2942 35.900002 27.700001 70.000000 15 0.072052
2712 35.700001 27.700001 70.000000 4 0.085710
2473 35.500000 27.299999 50.000000 22 0.088685
2468 35.500000 27.100000 50.000000 32 0.094606
2463 35.500000 26.900000 50.000000 38 0.091256
2233 35.299999 26.900000 50.000000 8 0.094066
2228 35.299999 26.700001 50.000000 18 0.088270
2229 35.299999 26.700001 30.000000 27 0.101843
2225 35.299999 26.500000 10.000000 13 0.095754
4275 37.099998 25.700001 10.000000 88 0.085410
4470 37.299999 24.299999 10.000000 11 0.080239
3324 36.299999 24.500000 30.000000 40 0.102863
2174 35.299999 24.500000 30.000000 50 0.136052
4015 36.900002 24.500000 10.000000 21 0.094550
2687 35.700001 26.700001 70.000000 36 0.072431
2692 35.700001 26.900000 70.000000 12 0.072860
2686 35.700001 26.700001 90.000000 1 0.089666
2447 35.500000 26.299999 70.000000 22 0.082377
2218 35.299999 26.299999 50.000000 58 0.088916
2932 35.900002 27.299999 70.000000 37 0.074053
2437 35.500000 25.900000 70.000000 26 0.082279
4518 37.299999 26.299999 50.000000 1 0.120680
2215 35.299999 26.100000 10.000000 98 0.108706
2893 35.900002 25.700001 50.000000 54 0.088644
3370 36.299999 26.299999 10.000000 1 0.134618
4283 37.099998 26.100000 50.000000 9 0.082149
4107 36.900002 28.299999 70.000000 11 0.107275
5000 37.700001 27.100000 10.000000 8 0.066533
4332 37.099998 28.100000 70.000000 1 0.073113
4558 37.299999 27.900000 50.000000 2 0.061944
4783 37.500000 27.700001 50.000000 2 0.061944
2937 35.900002 27.500000 70.000000 14 0.073485
2707 35.700001 27.500000 70.000000 4 0.061934
2234 35.299999 26.900000 30.000000 2 0.168205
1995 35.099998 26.500000 10.000000 6 0.144481
3149 36.099998 26.700001 30.000000 8 0.112828
2247 35.299999 27.500000 70.000000 7 0.088985
2248 35.299999 27.500000 50.000000 2 0.118004
2244 35.299999 27.299999 30.000000 3 0.137656
2477 35.500000 27.500000 70.000000 5 0.078932
2478 35.500000 27.500000 50.000000 6 0.088616
2483 35.500000 27.700001 50.000000 3 0.104360
2714 35.700001 27.700001 30.000000 18 0.108006
2482 35.500000 27.700001 70.000000 3 0.092470
2252 35.299999 27.700001 70.000000 1 0.094678
2487 35.500000 27.900000 70.000000 4 0.082999
2717 35.700001 27.900000 70.000000 4 0.080724
2718 35.700001 27.900000 50.000000 13 0.094830
2719 35.700001 27.900000 30.000000 8 0.163052
2710 35.700001 27.500000 10.000000 4 0.141850
3185 36.099998 28.100000 10.000000 89 0.122244
2954 35.900002 28.100000 30.000000 7 0.148272
3319 36.299999 24.299999 30.000000 29 0.104925
5097 37.900002 21.900000 70.000000 21 0.114720
5328 38.099998 21.900000 50.000000 408 0.152387
5329 38.099998 21.900000 30.000000 245 0.169193
5110 37.900002 22.299999 10.000000 439 0.118017
5102 37.900002 22.100000 70.000000 25 0.110677
4082 36.900002 27.299999 70.000000 16 0.089472
4279 37.099998 25.900000 30.000000 8 0.076324
4062 36.900002 26.500000 70.000000 7 0.063546
2889 35.900002 25.500000 30.000000 10 0.140831
3120 36.099998 25.500000 10.000000 4 0.140142
2262 35.299999 28.100000 70.000000 6 0.105438
2492 35.500000 28.100000 70.000000 5 0.106035
2493 35.500000 28.100000 50.000000 2 0.146429
2488 35.500000 27.900000 50.000000 3 0.121617
2479 35.500000 27.500000 30.000000 3 0.124985
2475 35.500000 27.299999 10.000000 56 0.089588
2257 35.299999 27.900000 70.000000 1 0.102451
2258 35.299999 27.900000 50.000000 1 0.102451
2253 35.299999 27.700001 50.000000 1 0.102451
2470 35.500000 27.100000 10.000000 249 0.103794
2723 35.700001 28.100000 50.000000 2 0.156477
4710 37.500000 24.700001 10.000000 14 0.071122
1714 34.900002 24.500000 30.000000 13 0.129217
1719 34.900002 24.700001 30.000000 3 0.155873
1720 34.900002 24.700001 10.000000 4 0.179409
3193 36.099998 28.500000 50.000000 12 0.124060
3429 36.299999 28.700001 30.000000 2 0.101572
3664 36.500000 28.900000 30.000000 5 0.126791
2963 35.900002 28.500000 50.000000 9 0.095138
2958 35.900002 28.299999 50.000000 12 0.106667
4297 37.099998 26.700001 70.000000 8 0.098207
4758 37.500000 26.700001 50.000000 7 0.090824
2452 35.500000 26.500000 70.000000 6 0.076088
2168 35.299999 24.299999 50.000000 39 0.123078
2169 35.299999 24.299999 30.000000 43 0.143848
2173 35.299999 24.500000 50.000000 41 0.154803
1943 35.099998 24.500000 50.000000 25 0.134872
1948 35.099998 24.700001 50.000000 8 0.143146
1953 35.099998 24.900000 50.000000 6 0.148761
4645 37.500000 22.100000 10.000000 9 0.176278
3101 36.099998 24.900000 90.000000 41 0.072134
3336 36.299999 25.100000 90.000000 70 0.088647
3567 36.500000 25.100000 70.000000 11 0.095299
3331 36.299999 24.900000 90.000000 45 0.077158
2873 35.900002 24.900000 50.000000 86 0.085908
3420 36.299999 28.299999 10.000000 3 0.128357
4785 37.500000 27.700001 10.000000 4 0.084752
4523 37.299999 26.500000 50.000000 7 0.076103
4524 37.299999 26.500000 30.000000 4 0.042019
4072 36.900002 26.900000 70.000000 8 0.114683
1704 34.900002 24.100000 30.000000 17 0.166084
1705 34.900002 24.100000 10.000000 53 0.155019
5147 37.900002 23.900000 70.000000 11 0.160608
5148 37.900002 23.900000 50.000000 31 0.129248
5153 37.900002 24.100000 50.000000 7 0.107200
5154 37.900002 24.100000 30.000000 18 0.081966
4682 37.500000 23.700001 70.000000 32 0.109940
4687 37.500000 23.900000 70.000000 28 0.115811
4697 37.500000 24.299999 70.000000 11 0.113410
4927 37.700001 24.299999 70.000000 3 0.115201
4928 37.700001 24.299999 50.000000 10 0.098527
4934 37.700001 24.500000 30.000000 6 0.078435
5169 37.900002 24.700001 30.000000 4 0.089685
5170 37.900002 24.700001 10.000000 5 0.082386
1994 35.099998 26.500000 30.000000 4 0.161874
4046 36.900002 25.900000 90.000000 12 0.113636
4250 37.099998 24.700001 10.000000 4 0.090090
2959 35.900002 28.299999 30.000000 2 0.157393
2847 35.900002 23.900000 70.000000 11 0.092495
3077 36.099998 23.900000 70.000000 56 0.084402
4334 37.099998 28.100000 30.000000 1 0.129838
3840 36.700001 26.700001 10.000000 3 0.083450
3835 36.700001 26.500000 10.000000 3 0.083450
2935 35.900002 27.299999 10.000000 1 0.076437
4059 36.900002 26.299999 30.000000 12 0.095384
4061 36.900002 26.500000 90.000000 13 0.087635
4286 37.099998 26.299999 90.000000 4 0.088155
4281 37.099998 26.100000 90.000000 5 0.094621
4282 37.099998 26.100000 70.000000 4 0.098341
4277 37.099998 25.900000 70.000000 5 0.095571
4507 37.299999 25.900000 70.000000 3 0.096646
4508 37.299999 25.900000 50.000000 4 0.093569
4503 37.299999 25.700001 50.000000 7 0.087095
4729 37.500000 25.500000 30.000000 4 0.097203
4276 37.099998 25.900000 90.000000 3 0.092062
4272 37.099998 25.700001 70.000000 1 0.084459
4502 37.299999 25.700001 70.000000 2 0.090211
4011 36.900002 24.500000 90.000000 27 0.097402
4016 36.900002 24.700001 90.000000 9 0.124192
4021 36.900002 24.900000 90.000000 11 0.109541
3797 36.700001 25.100000 70.000000 11 0.149524
4231 37.099998 24.100000 90.000000 41 0.093465
4226 37.099998 23.900000 90.000000 70 0.092743
3091 36.099998 24.500000 90.000000 13 0.077415
3096 36.099998 24.700001 90.000000 33 0.081587
5592 38.299999 23.299999 70.000000 4 0.073036
5351 38.099998 22.900000 90.000000 125 0.092485
5341 38.099998 22.500000 90.000000 8 0.066133
5356 38.099998 23.100000 90.000000 42 0.094674
4877 37.700001 22.299999 70.000000 8 0.088119
5586 38.299999 23.100000 90.000000 3 0.095186
5597 38.299999 23.500000 70.000000 1 0.107902
5367 38.099998 23.500000 70.000000 5 0.117856
4475 37.299999 24.500000 10.000000 3 0.097136
5591 38.299999 23.299999 90.000000 1 0.082085
5361 38.099998 23.299999 90.000000 13 0.092947
5372 38.099998 23.700001 70.000000 2 0.171863
5377 38.099998 23.900000 70.000000 3 0.178894
5383 38.099998 24.100000 50.000000 2 0.103446
5388 38.099998 24.299999 50.000000 1 0.082085
2178 35.299999 24.700001 50.000000 22 0.145912
4998 37.700001 27.100000 50.000000 4 0.054452
4333 37.099998 28.100000 50.000000 4 0.072596
4559 37.299999 27.900000 30.000000 1 0.093315
4985 37.700001 26.500000 10.000000 6 0.055844
4069 36.900002 26.700001 30.000000 3 0.073029
4064 36.900002 26.500000 30.000000 2 0.092947
4060 36.900002 26.299999 10.000000 2 0.092947
3360 36.299999 25.900000 10.000000 55 0.131807
2661 35.700001 25.700001 90.000000 20 0.076532
3422 36.299999 28.500000 70.000000 1 0.059313
3791 36.700001 24.900000 90.000000 9 0.150502
3796 36.700001 25.100000 90.000000 10 0.172426
3561 36.500000 24.900000 90.000000 13 0.090919
3566 36.500000 25.100000 90.000000 15 0.095467
2393 35.500000 24.100000 50.000000 30 0.127577
3834 36.700001 26.500000 30.000000 9 0.093585
4299 37.099998 26.700001 30.000000 7 0.074370
4300 37.099998 26.700001 10.000000 1 0.063616
3855 36.700001 27.299999 10.000000 2 0.057772
2427 35.500000 25.500000 70.000000 16 0.076473
1710 34.900002 24.299999 10.000000 10 0.138929
4545 37.299999 27.299999 10.000000 1 0.025690
3424 36.299999 28.500000 30.000000 2 0.134400
4294 37.099998 26.500000 30.000000 1 0.041024
3130 36.099998 25.900000 10.000000 4 0.128392
3365 36.299999 26.100000 10.000000 7 0.124366
3316 36.299999 24.299999 90.000000 36 0.079023
4462 37.299999 24.100000 70.000000 12 0.102043
4020 36.900002 24.700001 10.000000 4 0.097424
4339 37.099998 28.299999 30.000000 1 0.069668
3531 36.500000 23.700001 90.000000 24 0.082993
3301 36.299999 23.700001 90.000000 3 0.085071
2856 35.900002 24.299999 90.000000 15 0.090852
2866 35.900002 24.700001 90.000000 3 0.056068
3576 36.500000 25.500000 90.000000 21 0.128968
3718 36.700001 21.900000 50.000000 4 0.178813
3488 36.500000 21.900000 50.000000 1 0.167554
3489 36.500000 21.900000 30.000000 7 0.221175
3948 36.900002 21.900000 50.000000 2 0.116679
4867 37.700001 21.900000 70.000000 7 0.107729
4872 37.700001 22.100000 70.000000 7 0.090377
4450 37.299999 23.500000 10.000000 1 0.099839
1940 35.099998 24.299999 10.000000 1 0.138650
1715 34.900002 24.500000 10.000000 2 0.144867
3650 36.500000 28.299999 10.000000 2 0.152673
5008 37.700001 27.500000 50.000000 1 0.050775
5234 37.900002 27.299999 30.000000 1 0.050775
4292 37.099998 26.500000 70.000000 5 0.075577
4522 37.299999 26.500000 70.000000 4 0.094530
1469 34.700001 23.900000 30.000000 3 0.124061
1474 34.700001 24.100000 30.000000 2 0.146220
1699 34.900002 23.900000 30.000000 10 0.153060
1934 35.099998 24.100000 30.000000 40 0.153573
2164 35.299999 24.100000 30.000000 55 0.153277
2864 35.900002 24.500000 30.000000 5 0.094808
3094 36.099998 24.500000 30.000000 10 0.103811
3330 36.299999 24.700001 10.000000 1 0.079743
2165 35.299999 24.100000 10.000000 31 0.176221
2160 35.299999 23.900000 10.000000 27 0.187976
4552 37.299999 27.700001 70.000000 2 0.061842
2154 35.299999 23.700001 30.000000 72 0.173669
1924 35.099998 23.700001 30.000000 18 0.180688
1929 35.099998 23.900000 30.000000 30 0.169544
1930 35.099998 23.900000 10.000000 8 0.184911
1700 34.900002 23.900000 10.000000 16 0.168846
2159 35.299999 23.900000 30.000000 55 0.168680
4190 37.099998 22.299999 10.000000 7 0.102130
2604 35.700001 23.299999 30.000000 71 0.186903
2609 35.700001 23.500000 30.000000 30 0.154036
2379 35.500000 23.500000 30.000000 108 0.186792
2385 35.500000 23.700001 10.000000 116 0.158592
3084 36.099998 24.100000 30.000000 13 0.078749
3089 36.099998 24.299999 30.000000 10 0.075433
3117 36.099998 25.500000 70.000000 9 0.075172
1730 34.900002 25.100000 10.000000 1 0.228492
1725 34.900002 24.900000 10.000000 1 0.228492
2654 35.700001 25.299999 30.000000 12 0.115373
4311 37.099998 27.299999 90.000000 2 0.124078
3405 36.299999 27.700001 10.000000 1 0.079625
3785 36.700001 24.500000 10.000000 179 0.120450
3072 36.099998 23.700001 70.000000 33 0.090467
4723 37.500000 25.299999 50.000000 2 0.108772
4950 37.700001 25.100000 10.000000 1 0.085319
3526 36.500000 23.500000 90.000000 4 0.077704
3751 36.700001 23.299999 90.000000 3 0.075578
2702 35.700001 27.299999 70.000000 5 0.067641
5131 37.900002 23.299999 90.000000 54 0.092488
3039 36.099998 22.299999 30.000000 4 0.194259
3269 36.299999 22.299999 30.000000 4 0.181575
3275 36.299999 22.500000 10.000000 2 0.226370
3044 36.099998 22.500000 30.000000 2 0.158974
3049 36.099998 22.700001 30.000000 1 0.219093
3050 36.099998 22.700001 10.000000 1 0.219093
3264 36.299999 22.100000 30.000000 1 0.145053
3495 36.500000 22.100000 10.000000 1 0.145053
5155 37.900002 24.100000 10.000000 3 0.058147
4753 37.500000 26.500000 50.000000 4 0.112600
4536 37.299999 27.100000 90.000000 1 0.128908
3109 36.099998 25.100000 30.000000 19 0.114740
3980 36.900002 23.100000 10.000000 10 0.079546
4513 37.299999 26.100000 50.000000 1 0.081426
4509 37.299999 25.900000 30.000000 1 0.081426
3780 36.700001 24.299999 10.000000 156 0.117131
4271 37.099998 25.700001 90.000000 1 0.095764
4511 37.299999 26.100000 90.000000 1 0.095764
4516 37.299999 26.299999 90.000000 1 0.095764
4517 37.299999 26.299999 70.000000 1 0.095764
4747 37.500000 26.299999 70.000000 1 0.095764
4752 37.500000 26.500000 70.000000 1 0.095764
4989 37.700001 26.700001 30.000000 3 0.071709
2871 35.900002 24.900000 90.000000 11 0.067767
4284 37.099998 26.100000 30.000000 6 0.081329
4317 37.099998 27.500000 70.000000 3 0.072859
3944 36.900002 21.700001 30.000000 2 0.217456
1933 35.099998 24.100000 50.000000 13 0.169004
5318 38.099998 21.500000 50.000000 25 0.114452
5323 38.099998 21.700001 50.000000 48 0.115990
5324 38.099998 21.700001 30.000000 132 0.163388
2859 35.900002 24.299999 30.000000 6 0.093153
4173 37.099998 21.700001 50.000000 2 0.095196
3166 36.099998 27.500000 90.000000 4 0.088908
3171 36.099998 27.700001 90.000000 1 0.052809
5136 37.900002 23.500000 90.000000 32 0.076237
5141 37.900002 23.700001 90.000000 16 0.105283
4531 37.299999 26.900000 90.000000 2 0.144593
4291 37.099998 26.500000 90.000000 5 0.095012
4748 37.500000 26.299999 50.000000 2 0.129881
2610 35.700001 23.500000 10.000000 6 0.158756
2380 35.500000 23.500000 10.000000 24 0.172157
2150 35.299999 23.500000 10.000000 27 0.194220
3125 36.099998 25.700001 10.000000 3 0.131602
4514 37.299999 26.100000 30.000000 2 0.069310
4910 37.700001 23.500000 10.000000 30 0.099043
2603 35.700001 23.299999 50.000000 28 0.135942
2374 35.500000 23.299999 30.000000 85 0.198288
2608 35.700001 23.500000 50.000000 27 0.124432
2420 35.500000 25.100000 10.000000 43 0.097891
4762 37.500000 26.900000 70.000000 3 0.103429
4287 37.099998 26.299999 70.000000 1 0.095931
4512 37.299999 26.100000 70.000000 1 0.095931
2833 35.900002 23.299999 50.000000 5 0.149535
3493 36.500000 22.100000 50.000000 2 0.094618
4105 36.900002 28.100000 10.000000 1 0.084949
5146 37.900002 23.900000 90.000000 12 0.146799
5156 37.900002 24.299999 90.000000 1 0.144293
3981 36.900002 23.299999 90.000000 28 0.086768
3976 36.900002 23.100000 90.000000 5 0.056831
2155 35.299999 23.700001 10.000000 46 0.179063
3506 36.500000 22.700001 90.000000 7 0.080188
2821 35.900002 22.900000 90.000000 6 0.089012
2826 35.900002 23.100000 90.000000 4 0.078673
2827 35.900002 23.100000 70.000000 7 0.092859
2597 35.700001 23.100000 70.000000 11 0.092358
2598 35.700001 23.100000 50.000000 8 0.127071
3056 36.099998 23.100000 90.000000 7 0.106292
2832 35.900002 23.299999 70.000000 3 0.092795
2602 35.700001 23.299999 70.000000 8 0.090192
3736 36.700001 22.700001 90.000000 2 0.079467
3731 36.700001 22.500000 90.000000 1 0.055328
3957 36.900002 22.299999 70.000000 1 0.055328
3291 36.299999 23.299999 90.000000 2 0.063286
3521 36.500000 23.299999 90.000000 4 0.074400
3516 36.500000 23.100000 90.000000 2 0.050437
3966 36.900002 22.700001 90.000000 1 0.078314
3296 36.299999 23.500000 90.000000 2 0.078281
3511 36.500000 22.900000 90.000000 4 0.048616
3746 36.700001 23.100000 90.000000 2 0.047612
3741 36.700001 22.900000 90.000000 3 0.075189
3971 36.900002 22.900000 90.000000 8 0.094769
4521 37.299999 26.500000 90.000000 1 0.110943
4757 37.500000 26.700001 70.000000 1 0.079586
4492 37.299999 25.299999 70.000000 2 0.141718
4936 37.700001 24.700001 90.000000 2 0.122270
2861 35.900002 24.500000 90.000000 6 0.076648
2627 35.700001 24.299999 70.000000 8 0.083618
5569 38.299999 22.299999 30.000000 228 0.103105
2425 35.500000 25.299999 10.000000 14 0.074788
2163 35.299999 24.100000 50.000000 19 0.135002
2388 35.500000 23.900000 50.000000 11 0.121254
2383 35.500000 23.700001 50.000000 18 0.139968
3555 36.500000 24.500000 10.000000 44 0.115108
5125 37.900002 22.900000 10.000000 144 0.124945
5355 38.099998 22.900000 10.000000 226 0.133714
5095 37.900002 21.700001 10.000000 160 0.155323
5325 38.099998 21.700001 10.000000 134 0.162177
5320 38.099998 21.500000 10.000000 144 0.162768
4420 37.299999 22.299999 10.000000 172 0.121037
5130 37.900002 23.100000 10.000000 51 0.095229
5349 38.099998 22.700001 30.000000 97 0.131935
5350 38.099998 22.700001 10.000000 69 0.144224
5090 37.900002 21.500000 10.000000 27 0.172874
4915 37.700001 23.700001 10.000000 131 0.106071
2144 35.299999 23.299999 30.000000 69 0.185203
2149 35.299999 23.500000 30.000000 76 0.186623
2210 35.299999 25.900000 10.000000 49 0.099239
5565 38.299999 22.100000 10.000000 526 0.133056
5560 38.299999 21.900000 10.000000 289 0.127480
5570 38.299999 22.299999 10.000000 93 0.105171
5795 38.500000 22.100000 10.000000 242 0.120417
5794 38.500000 22.100000 30.000000 120 0.108387
5790 38.500000 21.900000 10.000000 172 0.135872
5558 38.299999 21.900000 50.000000 167 0.136395
5553 38.299999 21.700001 50.000000 62 0.110589
5554 38.299999 21.700001 30.000000 133 0.135157
5549 38.299999 21.500000 30.000000 55 0.112622
5779 38.500000 21.500000 30.000000 64 0.108339
5774 38.500000 21.299999 30.000000 57 0.104950
5775 38.500000 21.299999 10.000000 59 0.106636
6005 38.700001 21.299999 10.000000 7 0.073096
6000 38.700001 21.100000 10.000000 55 0.103054
3550 36.500000 24.299999 10.000000 58 0.117967
2426 35.500000 25.500000 90.000000 1 0.070356
2192 35.299999 25.299999 70.000000 2 0.095459
2697 35.700001 27.100000 70.000000 5 0.071693
5584 38.299999 22.900000 30.000000 79 0.096931
5814 38.500000 22.900000 30.000000 147 0.105266
5815 38.500000 22.900000 10.000000 152 0.105711
6045 38.700001 22.900000 10.000000 158 0.105936
5770 38.500000 21.100000 10.000000 52 0.111151
5574 38.299999 22.500000 30.000000 147 0.112504
4886 37.700001 22.700001 90.000000 4 0.074949
5804 38.500000 22.500000 30.000000 42 0.114874
5809 38.500000 22.700001 30.000000 66 0.115206
5788 38.500000 21.900000 50.000000 32 0.140591
5789 38.500000 21.900000 30.000000 130 0.164709
6019 38.700001 21.900000 30.000000 40 0.151934
6020 38.700001 21.900000 10.000000 41 0.146968
6250 38.900002 21.900000 10.000000 43 0.149858
3775 36.700001 24.100000 10.000000 25 0.111753
5360 38.099998 23.100000 10.000000 6 0.128027
5116 37.900002 22.700001 90.000000 8 0.075687
5111 37.900002 22.500000 90.000000 4 0.086264
5575 38.299999 22.500000 10.000000 114 0.114144
5805 38.500000 22.500000 10.000000 114 0.114144
5559 38.299999 21.900000 30.000000 151 0.158029
5784 38.500000 21.700001 30.000000 106 0.124932
5785 38.500000 21.700001 10.000000 89 0.123280
5780 38.500000 21.500000 10.000000 98 0.124595
6010 38.700001 21.500000 10.000000 98 0.124064
4900 37.700001 23.100000 10.000000 45 0.104169
2588 35.700001 22.700001 50.000000 3 0.174514
2593 35.700001 22.900000 50.000000 7 0.145928
2594 35.700001 22.900000 30.000000 2 0.192179
2599 35.700001 23.100000 30.000000 19 0.172024
2373 35.500000 23.299999 50.000000 33 0.174543
2378 35.500000 23.500000 50.000000 40 0.164884
5089 37.900002 21.500000 30.000000 37 0.160733
5793 38.500000 22.100000 50.000000 24 0.118573
3115 36.099998 25.299999 10.000000 2 0.138025
5579 38.299999 22.700001 30.000000 56 0.105019
5580 38.299999 22.700001 10.000000 19 0.086214
1935 35.099998 24.100000 10.000000 15 0.131497
5332 38.099998 22.100000 70.000000 34 0.115586
5562 38.299999 22.100000 70.000000 4 0.077755
4870 37.700001 21.900000 10.000000 21 0.169744
4865 37.700001 21.700001 10.000000 35 0.193216
5783 38.500000 21.700001 50.000000 5 0.081558
2153 35.299999 23.700001 50.000000 14 0.154055
2158 35.299999 23.900000 50.000000 12 0.135491
3517 36.500000 23.100000 70.000000 3 0.071294
6024 38.700001 22.100000 30.000000 11 0.104173
5818 38.500000 23.100000 50.000000 19 0.084872
5819 38.500000 23.100000 30.000000 15 0.106746
5820 38.500000 23.100000 10.000000 15 0.106746
6050 38.700001 23.100000 10.000000 15 0.106746
5366 38.099998 23.500000 90.000000 6 0.069062
5596 38.299999 23.500000 90.000000 1 0.043318
5601 38.299999 23.700001 90.000000 2 0.082431
5602 38.299999 23.700001 70.000000 1 0.043318
5607 38.299999 23.900000 70.000000 1 0.043318
5837 38.500000 23.900000 70.000000 2 0.082431
5838 38.500000 23.900000 50.000000 2 0.082431
5843 38.500000 24.100000 50.000000 3 0.077418
6073 38.700001 24.100000 50.000000 1 0.043318
6078 38.700001 24.299999 50.000000 1 0.043318
6079 38.700001 24.299999 30.000000 4 0.058921
6084 38.700001 24.500000 30.000000 1 0.043318
6085 38.700001 24.500000 10.000000 1 0.043318
6315 38.900002 24.500000 10.000000 4 0.058921
5567 38.299999 22.299999 70.000000 18 0.100313
5798 38.500000 22.299999 50.000000 18 0.080628
5799 38.500000 22.299999 30.000000 19 0.079020
1979 35.099998 25.900000 30.000000 40 0.100075
2816 35.900002 22.700001 90.000000 14 0.093752
2811 35.900002 22.500000 90.000000 4 0.082109
3057 36.099998 23.100000 70.000000 4 0.114098
3266 36.299999 22.299999 90.000000 1 0.074759
2596 35.700001 23.100000 90.000000 3 0.075230
2607 35.700001 23.500000 70.000000 2 0.080334
2612 35.700001 23.700001 70.000000 3 0.079099
2617 35.700001 23.900000 70.000000 2 0.076698
2387 35.500000 23.900000 70.000000 2 0.078624
5823 38.500000 23.299999 50.000000 19 0.074601
5828 38.500000 23.500000 50.000000 21 0.072751
5833 38.500000 23.700001 50.000000 4 0.058931
6063 38.700001 23.700001 50.000000 3 0.064122
6068 38.700001 23.900000 50.000000 3 0.064122
6069 38.700001 23.900000 30.000000 3 0.064122
6074 38.700001 24.100000 30.000000 3 0.064122
6309 38.900002 24.299999 30.000000 3 0.064122
6310 38.900002 24.299999 10.000000 3 0.064122
4860 37.700001 21.500000 10.000000 2 0.246056
5319 38.099998 21.500000 30.000000 8 0.153453
5550 38.299999 21.500000 10.000000 3 0.153777
5084 37.900002 21.299999 30.000000 27 0.138861
5314 38.099998 21.299999 30.000000 9 0.135207
5544 38.299999 21.299999 30.000000 3 0.129892
5545 38.299999 21.299999 10.000000 1 0.164787
2605 35.700001 23.299999 10.000000 46 0.201865
5589 38.299999 23.100000 30.000000 12 0.098468
5803 38.500000 22.500000 50.000000 16 0.100306
6028 38.700001 22.299999 50.000000 5 0.080650
6023 38.700001 22.100000 50.000000 5 0.080650
6249 38.900002 21.900000 30.000000 5 0.080650
2625 35.700001 24.100000 10.000000 55 0.110064
2837 35.900002 23.500000 70.000000 5 0.100993
2842 35.900002 23.700001 70.000000 3 0.097652
3282 36.299999 22.900000 70.000000 2 0.079998
1974 35.099998 25.700001 30.000000 11 0.117643
1975 35.099998 25.700001 10.000000 14 0.119567
2957 35.900002 28.299999 70.000000 2 0.109319
3545 36.500000 24.100000 10.000000 3 0.082518
5808 38.500000 22.700001 50.000000 3 0.108683
5548 38.299999 21.500000 50.000000 6 0.125400
5543 38.299999 21.299999 50.000000 2 0.114096
5538 38.299999 21.100000 50.000000 1 0.118094
5539 38.299999 21.100000 30.000000 2 0.114096
5534 38.299999 20.900000 30.000000 2 0.114096
5304 38.099998 20.900000 30.000000 26 0.110274
5305 38.099998 20.900000 10.000000 22 0.105696
5300 38.099998 20.700001 10.000000 27 0.110268
5295 38.099998 20.500000 10.000000 27 0.110268
5813 38.500000 22.900000 50.000000 10 0.103788
5327 38.099998 21.900000 70.000000 8 0.089162
5322 38.099998 21.700001 70.000000 3 0.067162
5313 38.099998 21.299999 50.000000 19 0.111021
5308 38.099998 21.100000 50.000000 8 0.066402
5309 38.099998 21.100000 30.000000 17 0.096206
4854 37.700001 21.299999 30.000000 15 0.135177
5085 37.900002 21.299999 10.000000 1 0.168062
5079 37.900002 21.100000 30.000000 30 0.133279
5074 37.900002 20.900000 30.000000 16 0.140409
2187 35.299999 25.100000 70.000000 9 0.128255
2182 35.299999 24.900000 70.000000 3 0.146403
2417 35.500000 25.100000 70.000000 5 0.079386
2407 35.500000 24.700001 70.000000 5 0.088327
5812 38.500000 22.900000 70.000000 1 0.156173
5792 38.500000 22.100000 70.000000 1 0.054043
4628 37.500000 21.500000 50.000000 15 0.147105
4630 37.500000 21.500000 10.000000 1 0.237704
4858 37.700001 21.500000 50.000000 32 0.143577
4633 37.500000 21.700001 50.000000 13 0.139453
4623 37.500000 21.299999 50.000000 1 0.124204
4853 37.700001 21.299999 50.000000 11 0.133611
4848 37.700001 21.100000 50.000000 2 0.140885
5078 37.900002 21.100000 50.000000 8 0.110340
5299 38.099998 20.700001 30.000000 4 0.135453
5083 37.900002 21.299999 50.000000 18 0.123942
5810 38.500000 22.700001 10.000000 4 0.122271
6014 38.700001 21.700001 30.000000 2 0.154747
6015 38.700001 21.700001 10.000000 2 0.154747
6245 38.900002 21.700001 10.000000 2 0.154747
2659 35.700001 25.500000 30.000000 5 0.158721
2430 35.500000 25.500000 10.000000 1 0.182826
2641 35.700001 24.900000 90.000000 1 0.080601
1962 35.099998 25.299999 70.000000 4 0.196238
1963 35.099998 25.299999 50.000000 6 0.194785
1969 35.099998 25.500000 30.000000 4 0.180494
1958 35.099998 25.100000 50.000000 3 0.186081
5376 38.099998 23.900000 90.000000 2 0.227299
5371 38.099998 23.700001 90.000000 5 0.155009
3042 36.099998 22.500000 70.000000 2 0.097923
3043 36.099998 22.500000 50.000000 3 0.086465
2824 35.900002 22.900000 30.000000 3 0.147314
2392 35.500000 24.100000 70.000000 6 0.167835
2397 35.500000 24.299999 70.000000 11 0.115491
1983 35.099998 26.100000 50.000000 1 0.136015
2587 35.700001 22.700001 70.000000 5 0.108722
2818 35.900002 22.700001 50.000000 2 0.111678
5336 38.099998 22.299999 90.000000 1 0.080473
1989 35.099998 26.299999 30.000000 3 0.117638
2362 35.500000 22.900000 70.000000 3 0.156748
2363 35.500000 22.900000 50.000000 4 0.165764
2368 35.500000 23.100000 50.000000 6 0.170246
2148 35.299999 23.500000 50.000000 16 0.149523
1923 35.099998 23.700001 50.000000 13 0.137035
3061 36.099998 23.299999 90.000000 1 0.110645
2831 35.900002 23.299999 90.000000 1 0.110645
4426 37.299999 22.700001 90.000000 2 0.069721
4647 37.500000 22.299999 70.000000 4 0.061113
1980 35.099998 25.900000 10.000000 49 0.102526
1918 35.099998 23.500000 50.000000 8 0.154247
1693 34.900002 23.700001 50.000000 1 0.163418
1694 34.900002 23.700001 30.000000 2 0.193195
1907 35.099998 23.100000 70.000000 5 0.143248
1912 35.099998 23.299999 70.000000 3 0.132608
2142 35.299999 23.299999 70.000000 3 0.135119
2143 35.299999 23.299999 50.000000 11 0.156846
1913 35.099998 23.299999 50.000000 5 0.161690
2137 35.299999 23.100000 70.000000 2 0.159207
1917 35.099998 23.500000 70.000000 1 0.120159
2367 35.500000 23.100000 70.000000 4 0.107437
1919 35.099998 23.500000 30.000000 5 0.204792
1908 35.099998 23.100000 50.000000 8 0.162684
1914 35.099998 23.299999 30.000000 5 0.187502
1920 35.099998 23.500000 10.000000 1 0.164131
2138 35.299999 23.100000 50.000000 7 0.178303
1928 35.099998 23.900000 50.000000 4 0.117367
2139 35.299999 23.100000 30.000000 47 0.185579
2369 35.500000 23.100000 30.000000 21 0.178501
1909 35.099998 23.100000 30.000000 10 0.165747
5829 38.500000 23.500000 30.000000 18 0.076848
5834 38.500000 23.700001 30.000000 33 0.075420
5839 38.500000 23.900000 30.000000 41 0.078186
5840 38.500000 23.900000 10.000000 39 0.077616
6070 38.700001 23.900000 10.000000 20 0.074680
6075 38.700001 24.100000 10.000000 46 0.079541
1925 35.099998 23.700001 10.000000 1 0.295114
5598 38.299999 23.500000 50.000000 19 0.076650
5599 38.299999 23.500000 30.000000 4 0.077092
5603 38.299999 23.700001 50.000000 14 0.082634
5604 38.299999 23.700001 30.000000 15 0.079187
5845 38.500000 24.100000 10.000000 26 0.083280
2467 35.500000 27.100000 70.000000 7 0.098300
2462 35.500000 26.900000 70.000000 5 0.072413
2232 35.299999 26.900000 70.000000 1 0.081822
2457 35.500000 26.700001 70.000000 3 0.096063
2472 35.500000 27.299999 70.000000 1 0.078984
2227 35.299999 26.700001 70.000000 1 0.088595
2441 35.500000 26.100000 90.000000 2 0.084222
2212 35.299999 26.100000 70.000000 1 0.072744
2446 35.500000 26.299999 90.000000 1 0.110135
5151 37.900002 24.100000 90.000000 3 0.121102
5381 38.099998 24.100000 90.000000 1 0.067392
5611 38.299999 24.100000 90.000000 1 0.067392
5612 38.299999 24.100000 70.000000 1 0.067392
5613 38.299999 24.100000 50.000000 2 0.096100
5844 38.500000 24.100000 30.000000 7 0.090268
4403 37.299999 21.700001 50.000000 6 0.136961
2156 35.299999 23.900000 90.000000 4 0.134459
2157 35.299999 23.900000 70.000000 4 0.134459
1927 35.099998 23.900000 70.000000 1 0.148661
2162 35.299999 24.100000 70.000000 1 0.151748
5609 38.299999 23.900000 30.000000 10 0.085630
5075 37.900002 20.900000 10.000000 8 0.141627
5070 37.900002 20.700001 10.000000 8 0.141627
2728 35.700001 28.299999 50.000000 2 0.166105
2484 35.500000 27.700001 30.000000 1 0.148976
5608 38.299999 23.900000 50.000000 3 0.086253
5614 38.299999 24.100000 30.000000 3 0.088108
5535 38.299999 20.900000 10.000000 1 0.110098
5530 38.299999 20.700001 10.000000 1 0.110098
4849 37.700001 21.100000 30.000000 17 0.132853
4844 37.700001 20.900000 30.000000 1 0.151942
2402 35.500000 24.500000 70.000000 12 0.137842
4850 37.700001 21.100000 10.000000 16 0.131660
4845 37.700001 20.900000 10.000000 16 0.131660
2630 35.700001 24.299999 10.000000 1 0.062430
2145 35.299999 23.299999 10.000000 3 0.259039
6058 38.700001 23.500000 50.000000 1 0.066991
2357 35.500000 22.700001 70.000000 2 0.065657
2582 35.700001 22.500000 70.000000 1 0.082197
2812 35.900002 22.500000 70.000000 1 0.082197
2813 35.900002 22.500000 50.000000 1 0.082197
3038 36.099998 22.299999 50.000000 1 0.082197
2354 35.500000 22.500000 30.000000 1 0.098855
2584 35.700001 22.500000 30.000000 1 0.098855
2814 35.900002 22.500000 30.000000 1 0.098855
5382 38.099998 24.100000 70.000000 1 0.124808
5802 38.500000 22.500000 70.000000 3 0.080870
4417 37.299999 22.299999 70.000000 1 0.048306
2133 35.299999 22.900000 50.000000 3 0.163153
2600 35.700001 23.100000 10.000000 1 0.153246
5807 38.500000 22.700001 70.000000 2 0.078921
2586 35.700001 22.700001 90.000000 8 0.100361
2592 35.700001 22.900000 70.000000 9 0.107632
2591 35.700001 22.900000 90.000000 12 0.105817
3052 36.099998 22.900000 70.000000 1 0.127332
2361 35.500000 22.900000 90.000000 1 0.090476
2366 35.500000 23.100000 90.000000 1 0.090476
2372 35.500000 23.299999 70.000000 2 0.085478
2377 35.500000 23.500000 70.000000 1 0.080480
2382 35.500000 23.700001 70.000000 1 0.080480
2622 35.700001 24.100000 70.000000 3 0.084499
1713 34.900002 24.500000 50.000000 2 0.137803
6254 38.900002 22.100000 30.000000 1 0.057032
5557 38.299999 21.900000 70.000000 1 0.051734
2167 35.299999 24.299999 70.000000 1 0.123647
4624 37.500000 21.299999 30.000000 1 0.067823
4619 37.500000 21.100000 30.000000 1 0.067823
4642 37.500000 22.100000 70.000000 1 0.071674
2197 35.299999 25.500000 70.000000 9 0.152219
5606 38.299999 23.900000 90.000000 1 0.121545
5836 38.500000 23.900000 90.000000 1 0.121545
