3637 36.500000 27.900000 70.000000 106 0.044743
3638 36.500000 27.900000 50.000000 189 0.054181
3639 36.500000 27.900000 30.000000 109 0.057118
3644 36.500000 28.100000 30.000000 85 0.082810
3645 36.500000 28.100000 10.000000 76 0.072697
3415 36.299999 28.100000 10.000000 351 0.072439
3632 36.500000 27.700001 70.000000 147 0.047514
3633 36.500000 27.700001 50.000000 162 0.050452
3863 36.700001 27.700001 50.000000 139 0.050966
3864 36.700001 27.700001 30.000000 84 0.057761
3865 36.700001 27.700001 10.000000 43 0.066873
3860 36.700001 27.500000 10.000000 96 0.066442
3868 36.700001 27.900000 50.000000 137 0.056389
3869 36.700001 27.900000 30.000000 98 0.060233
3874 36.700001 28.100000 30.000000 50 0.078101
3875 36.700001 28.100000 10.000000 116 0.065576
3408 36.299999 27.900000 50.000000 202 0.066130
3409 36.299999 27.900000 30.000000 191 0.066413
3179 36.099998 27.900000 30.000000 143 0.072084
3180 36.099998 27.900000 10.000000 236 0.059282
4098 36.900002 27.900000 50.000000 95 0.052630
4099 36.900002 27.900000 30.000000 38 0.086821
4100 36.900002 27.900000 10.000000 24 0.086900
4330 37.099998 27.900000 10.000000 62 0.077010
3642 36.500000 28.100000 70.000000 46 0.050054
3643 36.500000 28.100000 50.000000 159 0.063875
3873 36.700001 28.100000 50.000000 163 0.060812
3878 36.700001 28.299999 50.000000 132 0.042642
3883 36.700001 28.500000 50.000000 122 0.040218
3884 36.700001 28.500000 30.000000 104 0.039845
3889 36.700001 28.700001 30.000000 104 0.040422
3890 36.700001 28.700001 10.000000 46 0.046242
3895 36.700001 28.900000 10.000000 50 0.052123
4125 36.900002 28.900000 10.000000 136 0.043687
3402 36.299999 27.700001 70.000000 122 0.052571
3403 36.299999 27.700001 50.000000 225 0.055313
3398 36.299999 27.500000 50.000000 156 0.047820
3168 36.099998 27.500000 50.000000 234 0.045301
2938 35.900002 27.500000 50.000000 146 0.052171
2939 35.900002 27.500000 30.000000 108 0.059195
2934 35.900002 27.299999 30.000000 99 0.053866
2704 35.700001 27.299999 30.000000 146 0.055206
2705 35.700001 27.299999 10.000000 138 0.054778
2700 35.700001 27.100000 10.000000 287 0.058741
3958 36.900002 22.299999 50.000000 22 0.064795
3963 36.900002 22.500000 50.000000 46 0.067269
3964 36.900002 22.500000 30.000000 63 0.082020
3965 36.900002 22.500000 10.000000 102 0.089678
3728 36.700001 22.299999 50.000000 11 0.074532
3733 36.700001 22.500000 50.000000 19 0.074339
3734 36.700001 22.500000 30.000000 18 0.083515
3504 36.500000 22.500000 30.000000 11 0.088768
3505 36.500000 22.500000 10.000000 88 0.101767
3959 36.900002 22.299999 30.000000 49 0.068976
3954 36.900002 22.100000 30.000000 56 0.077470
3955 36.900002 22.100000 10.000000 31 0.072948
3950 36.900002 21.900000 10.000000 43 0.075820
3720 36.700001 21.900000 10.000000 45 0.077745
4194 37.099998 22.500000 30.000000 75 0.077122
4199 37.099998 22.700001 30.000000 133 0.073777
4200 37.099998 22.700001 10.000000 42 0.066983
4205 37.099998 22.900000 10.000000 231 0.074143
4184 37.099998 22.100000 30.000000 118 0.072521
4185 37.099998 22.100000 10.000000 119 0.074408
4180 37.099998 21.900000 10.000000 318 0.085391
3872 36.700001 28.100000 70.000000 136 0.051480
3877 36.700001 28.299999 70.000000 40 0.039210
4119 36.900002 28.700001 30.000000 74 0.040503
4120 36.900002 28.700001 10.000000 86 0.038782
5568 38.299999 22.299999 50.000000 309 0.075107
5338 38.099998 22.299999 50.000000 738 0.074717
5333 38.099998 22.100000 50.000000 1268 0.104810
5334 38.099998 22.100000 30.000000 593 0.108557
5335 38.099998 22.100000 10.000000 710 0.087813
5339 38.099998 22.299999 30.000000 400 0.076850
5344 38.099998 22.500000 30.000000 141 0.090430
5114 37.900002 22.500000 30.000000 331 0.068412
5115 37.900002 22.500000 10.000000 324 0.068993
5108 37.900002 22.299999 50.000000 426 0.071558
5109 37.900002 22.299999 30.000000 517 0.072882
4879 37.700001 22.299999 30.000000 201 0.077932
4884 37.700001 22.500000 30.000000 367 0.070049
4885 37.700001 22.500000 10.000000 129 0.071877
4655 37.500000 22.500000 10.000000 215 0.073267
5343 38.099998 22.500000 50.000000 538 0.070048
5113 37.900002 22.500000 50.000000 539 0.067266
5119 37.900002 22.700001 30.000000 99 0.075673
4889 37.700001 22.700001 30.000000 243 0.069317
4894 37.700001 22.900000 30.000000 129 0.073981
4895 37.700001 22.900000 10.000000 27 0.060258
4883 37.700001 22.500000 50.000000 774 0.071228
4653 37.500000 22.500000 50.000000 611 0.074267
4654 37.500000 22.500000 30.000000 224 0.071210
4659 37.500000 22.700001 30.000000 228 0.066168
4429 37.299999 22.700001 30.000000 152 0.065763
4430 37.299999 22.700001 10.000000 63 0.062858
5348 38.099998 22.700001 50.000000 399 0.064466
5353 38.099998 22.900000 50.000000 315 0.062872
5358 38.099998 23.100000 50.000000 234 0.061686
5128 37.900002 23.100000 50.000000 319 0.060327
5133 37.900002 23.299999 50.000000 280 0.055550
5138 37.900002 23.500000 50.000000 138 0.048496
5143 37.900002 23.700001 50.000000 63 0.043273
5144 37.900002 23.700001 30.000000 421 0.052813
4914 37.700001 23.700001 30.000000 361 0.058065
4919 37.700001 23.900000 30.000000 212 0.051479
4924 37.700001 24.100000 30.000000 68 0.044102
4925 37.700001 24.100000 10.000000 163 0.048028
4930 37.700001 24.299999 10.000000 81 0.043313
3371 36.299999 26.500000 90.000000 373 0.047603
3372 36.299999 26.500000 70.000000 20 0.063618
3602 36.500000 26.500000 70.000000 85 0.043097
3603 36.500000 26.500000 50.000000 115 0.031611
3604 36.500000 26.500000 30.000000 83 0.035195
3605 36.500000 26.500000 10.000000 121 0.038720
3376 36.299999 26.700001 90.000000 387 0.045519
3606 36.500000 26.700001 90.000000 559 0.049891
3607 36.500000 26.700001 70.000000 42 0.043389
3608 36.500000 26.700001 50.000000 69 0.036140
3613 36.500000 26.900000 50.000000 59 0.045962
3843 36.700001 26.900000 50.000000 72 0.084459
3844 36.700001 26.900000 30.000000 55 0.105697
3845 36.700001 26.900000 10.000000 72 0.105486
3146 36.099998 26.700001 90.000000 171 0.046452
3147 36.099998 26.700001 70.000000 83 0.045318
2922 35.900002 26.900000 70.000000 172 0.049098
2923 35.900002 26.900000 50.000000 252 0.049098
2924 35.900002 26.900000 30.000000 17 0.051677
2694 35.700001 26.900000 30.000000 177 0.061268
2699 35.700001 27.100000 30.000000 185 0.059604
3141 36.099998 26.500000 90.000000 237 0.045350
2917 35.900002 26.700001 70.000000 178 0.045735
2918 35.900002 26.700001 50.000000 185 0.049118
2688 35.700001 26.700001 50.000000 243 0.057620
2693 35.700001 26.900000 50.000000 221 0.054552
2464 35.500000 26.900000 30.000000 124 0.072911
2465 35.500000 26.900000 10.000000 129 0.071399
3381 36.299999 26.900000 90.000000 315 0.045702
3382 36.299999 26.900000 70.000000 22 0.049390
3152 36.099998 26.900000 70.000000 152 0.051396
3157 36.099998 27.100000 70.000000 112 0.050107
3162 36.099998 27.299999 70.000000 111 0.042000
3163 36.099998 27.299999 50.000000 130 0.042726
3169 36.099998 27.500000 30.000000 113 0.046439
3174 36.099998 27.700001 30.000000 176 0.048875
3175 36.099998 27.700001 10.000000 115 0.045886
3611 36.500000 26.900000 90.000000 496 0.050308
3616 36.500000 27.100000 90.000000 273 0.049698
3617 36.500000 27.100000 70.000000 68 0.050233
3622 36.500000 27.299999 70.000000 85 0.048773
3623 36.500000 27.299999 50.000000 83 0.050236
3628 36.500000 27.500000 50.000000 87 0.050767
3870 36.700001 27.900000 10.000000 68 0.047181
3136 36.099998 26.299999 90.000000 281 0.044302
2906 35.900002 26.299999 90.000000 165 0.046091
2901 35.900002 26.100000 90.000000 177 0.046242
2902 35.900002 26.100000 70.000000 245 0.047187
2672 35.700001 26.100000 70.000000 191 0.047419
2667 35.700001 25.900000 70.000000 240 0.048731
2668 35.700001 25.900000 50.000000 327 0.055301
2438 35.500000 25.900000 50.000000 365 0.058507
2433 35.500000 25.700001 50.000000 334 0.059275
2434 35.500000 25.700001 30.000000 256 0.054519
2204 35.299999 25.700001 30.000000 371 0.057128
2199 35.299999 25.500000 30.000000 276 0.058727
2200 35.299999 25.500000 10.000000 478 0.055629
1970 35.099998 25.500000 10.000000 406 0.055852
3366 36.299999 26.299999 90.000000 195 0.047003
3131 36.099998 26.100000 90.000000 233 0.046470
2896 35.900002 25.900000 90.000000 124 0.045349
2897 35.900002 25.900000 70.000000 192 0.049083
2892 35.900002 25.700001 70.000000 114 0.048890
2662 35.700001 25.700001 70.000000 144 0.053069
2657 35.700001 25.500000 70.000000 150 0.048381
2658 35.700001 25.500000 50.000000 223 0.053809
2653 35.700001 25.299999 50.000000 204 0.061096
2423 35.500000 25.299999 50.000000 274 0.064411
2424 35.500000 25.299999 30.000000 257 0.066757
2419 35.500000 25.100000 30.000000 330 0.059477
2189 35.299999 25.100000 30.000000 345 0.063778
2190 35.299999 25.100000 10.000000 243 0.074177
2185 35.299999 24.900000 10.000000 407 0.069059
3126 36.099998 25.900000 90.000000 139 0.046859
2891 35.900002 25.700001 90.000000 78 0.045776
2887 35.900002 25.500000 70.000000 62 0.046923
2652 35.700001 25.299999 70.000000 46 0.051815
2648 35.700001 25.100000 50.000000 191 0.065822
2418 35.500000 25.100000 50.000000 228 0.067020
2413 35.500000 24.900000 50.000000 218 0.062114
2414 35.500000 24.900000 30.000000 232 0.059986
2409 35.500000 24.700001 30.000000 226 0.075680
2179 35.299999 24.700001 30.000000 83 0.087668
2180 35.299999 24.700001 10.000000 119 0.081182
2175 35.299999 24.500000 10.000000 96 0.085952
3621 36.500000 27.299999 90.000000 187 0.049699
3626 36.500000 27.500000 90.000000 109 0.044948
3627 36.500000 27.500000 70.000000 135 0.050487
3867 36.700001 27.900000 70.000000 132 0.043476
3982 36.900002 23.299999 70.000000 182 0.058781
3977 36.900002 23.100000 70.000000 112 0.065537
4207 37.099998 23.100000 70.000000 119 0.058629
4208 37.099998 23.100000 50.000000 218 0.061712
4209 37.099998 23.100000 30.000000 67 0.068339
4204 37.099998 22.900000 30.000000 223 0.074329
4212 37.099998 23.299999 70.000000 179 0.054370
4213 37.099998 23.299999 50.000000 163 0.061018
4443 37.299999 23.299999 50.000000 117 0.053695
4444 37.299999 23.299999 30.000000 167 0.070397
4445 37.299999 23.299999 10.000000 279 0.076568
3978 36.900002 23.100000 50.000000 347 0.067183
3979 36.900002 23.100000 30.000000 233 0.073864
3749 36.700001 23.100000 30.000000 340 0.069725
3744 36.700001 22.900000 30.000000 78 0.097222
3745 36.700001 22.900000 10.000000 562 0.074658
4438 37.299999 23.100000 50.000000 150 0.058949
4439 37.299999 23.100000 30.000000 33 0.076029
4669 37.500000 23.100000 30.000000 161 0.081343
4670 37.500000 23.100000 10.000000 178 0.082044
4665 37.500000 22.900000 10.000000 17 0.069092
3973 36.900002 22.900000 50.000000 234 0.070803
3968 36.900002 22.700001 50.000000 74 0.072427
3969 36.900002 22.700001 30.000000 58 0.079781
4203 37.099998 22.900000 50.000000 352 0.069540
4433 37.299999 22.900000 50.000000 260 0.065635
4428 37.299999 22.700001 50.000000 430 0.069628
4217 37.099998 23.500000 70.000000 108 0.047907
4218 37.099998 23.500000 50.000000 225 0.057329
4448 37.299999 23.500000 50.000000 206 0.055529
4453 37.299999 23.700001 50.000000 213 0.055477
4683 37.500000 23.700001 50.000000 216 0.055327
4684 37.500000 23.700001 30.000000 196 0.060384
4689 37.500000 23.900000 30.000000 121 0.054261
4920 37.700001 23.900000 10.000000 138 0.047770
4437 37.299999 23.100000 70.000000 154 0.057383
4663 37.500000 22.900000 50.000000 320 0.061398
4658 37.500000 22.700001 50.000000 951 0.068861
4890 37.700001 22.700001 10.000000 35 0.055072
4103 36.900002 28.100000 50.000000 85 0.058558
4108 36.900002 28.299999 50.000000 38 0.064165
4109 36.900002 28.299999 30.000000 82 0.052328
4110 36.900002 28.299999 10.000000 80 0.052821
4115 36.900002 28.500000 10.000000 44 0.058195
4345 37.099998 28.500000 10.000000 92 0.053129
3634 36.500000 27.700001 30.000000 85 0.057551
3629 36.500000 27.500000 30.000000 60 0.058638
3630 36.500000 27.500000 10.000000 68 0.054763
3625 36.500000 27.299999 10.000000 125 0.061187
4093 36.900002 27.700001 50.000000 83 0.051060
4094 36.900002 27.700001 30.000000 54 0.058274
4089 36.900002 27.500000 30.000000 43 0.044058
4090 36.900002 27.500000 10.000000 26 0.035972
4085 36.900002 27.299999 10.000000 44 0.040688
4315 37.099998 27.299999 10.000000 51 0.039402
3831 36.700001 26.500000 90.000000 243 0.045277
3601 36.500000 26.500000 90.000000 429 0.049766
3836 36.700001 26.700001 90.000000 262 0.052604
3837 36.700001 26.700001 70.000000 26 0.054277
3842 36.700001 26.900000 70.000000 47 0.092741
3826 36.700001 26.299999 90.000000 194 0.047065
3827 36.700001 26.299999 70.000000 139 0.038887
4057 36.900002 26.299999 70.000000 24 0.045491
4058 36.900002 26.299999 50.000000 45 0.034778
4053 36.900002 26.100000 50.000000 80 0.036185
4054 36.900002 26.100000 30.000000 88 0.033710
4055 36.900002 26.100000 10.000000 77 0.034038
4050 36.900002 25.900000 10.000000 202 0.044889
3841 36.700001 26.900000 90.000000 217 0.058355
4071 36.900002 26.900000 90.000000 21 0.036031
4072 36.900002 26.900000 70.000000 9 0.070490
4077 36.900002 27.100000 70.000000 18 0.046324
4078 36.900002 27.100000 50.000000 27 0.051012
4079 36.900002 27.100000 30.000000 9 0.056115
4084 36.900002 27.299999 30.000000 25 0.044136
3821 36.700001 26.100000 90.000000 124 0.045529
3822 36.700001 26.100000 70.000000 188 0.043160
3823 36.700001 26.100000 50.000000 210 0.037232
3818 36.700001 25.900000 50.000000 215 0.039178
3819 36.700001 25.900000 30.000000 278 0.040905
3814 36.700001 25.700001 30.000000 257 0.045650
3815 36.700001 25.700001 10.000000 257 0.040406
3817 36.700001 25.900000 70.000000 89 0.045315
4048 36.900002 25.900000 50.000000 104 0.049162
4043 36.900002 25.700001 50.000000 119 0.044547
4044 36.900002 25.700001 30.000000 265 0.047390
4045 36.900002 25.700001 10.000000 214 0.041171
4040 36.900002 25.500000 10.000000 371 0.049143
3596 36.500000 26.299999 90.000000 199 0.054456
3591 36.500000 26.100000 90.000000 93 0.052307
3592 36.500000 26.100000 70.000000 110 0.056155
3587 36.500000 25.900000 70.000000 58 0.053979
3588 36.500000 25.900000 50.000000 188 0.046734
3583 36.500000 25.700001 50.000000 113 0.049504
3584 36.500000 25.700001 30.000000 125 0.050681
3579 36.500000 25.500000 30.000000 97 0.052891
3349 36.299999 25.500000 30.000000 110 0.071303
3350 36.299999 25.500000 10.000000 214 0.074114
4051 36.900002 26.100000 90.000000 21 0.056481
4052 36.900002 26.100000 70.000000 53 0.051091
4047 36.900002 25.900000 70.000000 64 0.049005
4274 37.099998 25.700001 30.000000 53 0.055193
4275 37.099998 25.700001 10.000000 92 0.048777
4270 37.099998 25.500000 10.000000 255 0.052754
4039 36.900002 25.500000 30.000000 183 0.049238
3816 36.700001 25.900000 90.000000 34 0.045288
3813 36.700001 25.700001 50.000000 125 0.043912
3809 36.700001 25.500000 30.000000 186 0.043819
3810 36.700001 25.500000 10.000000 130 0.043394
3805 36.700001 25.299999 10.000000 213 0.045866
3151 36.099998 26.900000 90.000000 152 0.052061
2928 35.900002 27.100000 50.000000 214 0.054818
2929 35.900002 27.100000 30.000000 67 0.049223
3846 36.700001 27.100000 90.000000 188 0.054699
3851 36.700001 27.299999 90.000000 145 0.051976
3852 36.700001 27.299999 70.000000 61 0.059228
3857 36.700001 27.500000 70.000000 83 0.049767
3858 36.700001 27.500000 50.000000 93 0.053483
3640 36.500000 27.900000 10.000000 41 0.050391
2911 35.900002 26.500000 90.000000 117 0.046003
2907 35.900002 26.299999 70.000000 190 0.050408
2677 35.700001 26.299999 70.000000 125 0.057022
2678 35.700001 26.299999 50.000000 242 0.064853
2448 35.500000 26.299999 50.000000 274 0.065058
2218 35.299999 26.299999 50.000000 62 0.064206
2219 35.299999 26.299999 30.000000 239 0.067836
2220 35.299999 26.299999 10.000000 236 0.066032
1990 35.099998 26.299999 10.000000 300 0.065382
4863 37.700001 21.700001 50.000000 48 0.100919
4864 37.700001 21.700001 30.000000 68 0.112517
4634 37.500000 21.700001 30.000000 48 0.104435
4635 37.500000 21.700001 10.000000 100 0.105970
4405 37.299999 21.700001 10.000000 68 0.075130
5094 37.900002 21.700001 30.000000 71 0.098813
5099 37.900002 21.900000 30.000000 191 0.107729
5100 37.900002 21.900000 10.000000 118 0.108127
5105 37.900002 22.100000 10.000000 217 0.074048
4868 37.700001 21.900000 50.000000 136 0.104838
4869 37.700001 21.900000 30.000000 117 0.103364
4874 37.700001 22.100000 30.000000 103 0.098032
4644 37.500000 22.100000 30.000000 128 0.094582
4649 37.500000 22.299999 30.000000 133 0.094167
4650 37.500000 22.299999 10.000000 68 0.110709
4873 37.700001 22.100000 50.000000 158 0.094077
4878 37.700001 22.299999 50.000000 248 0.077279
4638 37.500000 21.900000 50.000000 28 0.100688
4643 37.500000 22.100000 50.000000 61 0.082396
4648 37.500000 22.299999 50.000000 182 0.079845
4419 37.299999 22.299999 30.000000 155 0.083639
4424 37.299999 22.500000 30.000000 103 0.075712
1718 34.900002 24.700001 50.000000 3 0.128754
1719 34.900002 24.700001 30.000000 4 0.144916
1720 34.900002 24.700001 10.000000 5 0.132680
1950 35.099998 24.700001 10.000000 87 0.093007
1955 35.099998 24.900000 10.000000 130 0.091555
1713 34.900002 24.500000 50.000000 3 0.118600
1714 34.900002 24.500000 30.000000 14 0.115810
1709 34.900002 24.299999 30.000000 32 0.115345
1710 34.900002 24.299999 10.000000 12 0.119043
1705 34.900002 24.100000 10.000000 55 0.123145
1723 34.900002 24.900000 50.000000 1 0.065729
1724 34.900002 24.900000 30.000000 10 0.148348
1729 34.900002 25.100000 30.000000 10 0.129075
1959 35.099998 25.100000 30.000000 56 0.081872
1964 35.099998 25.299999 30.000000 25 0.087207
1965 35.099998 25.299999 10.000000 16 0.095034
3618 36.500000 27.100000 50.000000 76 0.047482
3624 36.500000 27.299999 30.000000 56 0.064103
4066 36.900002 26.700001 90.000000 24 0.049634
4067 36.900002 26.700001 70.000000 4 0.032472
4068 36.900002 26.700001 50.000000 24 0.043788
4073 36.900002 26.900000 50.000000 21 0.050512
4303 37.099998 26.900000 50.000000 12 0.043665
4304 37.099998 26.900000 30.000000 8 0.055185
4305 37.099998 26.900000 10.000000 14 0.052378
3847 36.700001 27.100000 70.000000 34 0.058925
3828 36.700001 26.299999 50.000000 107 0.034643
3853 36.700001 27.299999 50.000000 61 0.060722
3854 36.700001 27.299999 30.000000 32 0.067423
3859 36.700001 27.500000 30.000000 59 0.063754
3820 36.700001 25.900000 10.000000 188 0.041559
3597 36.500000 26.299999 70.000000 102 0.052528
3593 36.500000 26.100000 50.000000 160 0.046560
3386 36.299999 27.100000 90.000000 164 0.046898
3391 36.299999 27.299999 90.000000 105 0.049205
3392 36.299999 27.299999 70.000000 139 0.047278
3397 36.299999 27.500000 70.000000 152 0.052686
3167 36.099998 27.500000 70.000000 83 0.042613
3410 36.299999 27.900000 10.000000 121 0.059425
4076 36.900002 27.100000 90.000000 21 0.036430
4307 37.099998 27.100000 70.000000 15 0.034092
4312 37.099998 27.299999 70.000000 10 0.045298
4313 37.099998 27.299999 50.000000 66 0.046289
4543 37.299999 27.299999 50.000000 71 0.045061
4544 37.299999 27.299999 30.000000 40 0.045394
4549 37.299999 27.500000 30.000000 30 0.054611
4550 37.299999 27.500000 10.000000 25 0.056372
4780 37.500000 27.500000 10.000000 29 0.056254
3586 36.500000 25.900000 90.000000 44 0.044071
3582 36.500000 25.700001 70.000000 34 0.056738
3577 36.500000 25.500000 70.000000 22 0.043372
3578 36.500000 25.500000 50.000000 83 0.047160
3808 36.700001 25.500000 50.000000 56 0.044269
3803 36.700001 25.299999 50.000000 65 0.052692
3804 36.700001 25.299999 30.000000 149 0.051906
3799 36.700001 25.100000 30.000000 201 0.053746
3800 36.700001 25.100000 10.000000 120 0.056529
3795 36.700001 24.900000 10.000000 158 0.061790
2912 35.900002 26.500000 70.000000 157 0.051628
2682 35.700001 26.500000 70.000000 105 0.050901
2447 35.500000 26.299999 70.000000 25 0.054379
3856 36.700001 27.500000 90.000000 104 0.045674
3862 36.700001 27.700001 70.000000 84 0.049725
4092 36.900002 27.700001 70.000000 39 0.045655
4097 36.900002 27.900000 70.000000 61 0.048826
4104 36.900002 28.100000 30.000000 55 0.054818
4340 37.099998 28.299999 10.000000 48 0.048485
3861 36.700001 27.700001 90.000000 84 0.039738
3866 36.700001 27.900000 90.000000 52 0.036812
3121 36.099998 25.700001 90.000000 76 0.049471
3351 36.299999 25.700001 90.000000 75 0.050598
3352 36.299999 25.700001 70.000000 22 0.055212
3347 36.299999 25.500000 70.000000 18 0.070843
3348 36.299999 25.500000 50.000000 67 0.054495
3585 36.500000 25.700001 10.000000 45 0.040559
3356 36.299999 25.900000 90.000000 66 0.042548
3361 36.299999 26.100000 90.000000 115 0.041992
3362 36.299999 26.100000 70.000000 56 0.052807
3363 36.299999 26.100000 50.000000 149 0.052329
3598 36.500000 26.299999 50.000000 108 0.038854
3599 36.500000 26.299999 30.000000 47 0.045937
3600 36.500000 26.299999 10.000000 19 0.042443
3581 36.500000 25.700001 90.000000 30 0.053608
4049 36.900002 25.900000 30.000000 104 0.044344
3346 36.299999 25.500000 90.000000 70 0.051125
3341 36.299999 25.299999 90.000000 56 0.050682
3342 36.299999 25.299999 70.000000 14 0.079458
3572 36.500000 25.299999 70.000000 14 0.033842
3573 36.500000 25.299999 50.000000 67 0.052306
3568 36.500000 25.100000 50.000000 77 0.046251
3569 36.500000 25.100000 30.000000 97 0.052610
3570 36.500000 25.100000 10.000000 40 0.061149
3565 36.500000 24.900000 10.000000 93 0.067121
3807 36.700001 25.500000 70.000000 23 0.055067
2661 35.700001 25.700001 90.000000 21 0.049399
2432 35.500000 25.700001 70.000000 24 0.060682
2427 35.500000 25.500000 70.000000 18 0.046444
2428 35.500000 25.500000 50.000000 256 0.062550
2198 35.299999 25.500000 50.000000 71 0.078017
2666 35.700001 25.900000 90.000000 26 0.051588
2442 35.500000 26.100000 70.000000 29 0.057645
2443 35.500000 26.100000 50.000000 265 0.066655
2213 35.299999 26.100000 50.000000 61 0.065953
2214 35.299999 26.100000 30.000000 157 0.070707
2215 35.299999 26.100000 10.000000 101 0.071309
1985 35.099998 26.100000 10.000000 76 0.065075
2886 35.900002 25.500000 90.000000 42 0.044093
2656 35.700001 25.500000 90.000000 13 0.047529
2651 35.700001 25.299999 90.000000 11 0.047753
2422 35.500000 25.299999 70.000000 11 0.049346
2184 35.299999 24.900000 30.000000 86 0.080928
2676 35.700001 26.299999 90.000000 13 0.049812
2683 35.700001 26.500000 50.000000 353 0.061164
2458 35.500000 26.700001 50.000000 83 0.063561
2459 35.500000 26.700001 30.000000 83 0.087501
2881 35.900002 25.299999 90.000000 27 0.044771
2646 35.700001 25.100000 90.000000 9 0.040841
2647 35.700001 25.100000 70.000000 47 0.055132
2642 35.700001 24.900000 70.000000 63 0.055794
2412 35.500000 24.900000 70.000000 10 0.062586
2408 35.500000 24.700001 50.000000 199 0.068185
2421 35.500000 25.299999 90.000000 1 0.067516
2417 35.500000 25.100000 70.000000 6 0.053130
2188 35.299999 25.100000 50.000000 33 0.073981
1954 35.099998 24.900000 30.000000 59 0.093195
3158 36.099998 27.100000 50.000000 89 0.043703
3116 36.099998 25.500000 90.000000 47 0.045837
2876 35.900002 25.100000 90.000000 29 0.054017
2641 35.700001 24.900000 90.000000 2 0.053204
2637 35.700001 24.700001 70.000000 42 0.059066
2632 35.700001 24.500000 70.000000 14 0.063672
2633 35.700001 24.500000 50.000000 313 0.061033
2403 35.500000 24.500000 50.000000 117 0.073296
2398 35.500000 24.299999 50.000000 63 0.076211
2399 35.500000 24.299999 30.000000 214 0.074612
2394 35.500000 24.100000 30.000000 170 0.084373
2395 35.500000 24.100000 10.000000 389 0.092075
2390 35.500000 23.900000 10.000000 405 0.099412
4887 37.700001 22.700001 70.000000 554 0.067317
4888 37.700001 22.700001 50.000000 846 0.067299
4664 37.500000 22.900000 30.000000 116 0.079814
4675 37.500000 23.299999 10.000000 270 0.080676
5104 37.900002 22.100000 30.000000 178 0.084248
4893 37.700001 22.900000 50.000000 438 0.061686
4898 37.700001 23.100000 50.000000 368 0.059547
4903 37.700001 23.299999 50.000000 249 0.059302
4908 37.700001 23.500000 50.000000 126 0.052189
4909 37.700001 23.500000 30.000000 221 0.065033
4913 37.700001 23.700001 50.000000 117 0.047580
3156 36.099998 27.100000 90.000000 33 0.048367
2916 35.900002 26.700001 90.000000 51 0.047474
2453 35.500000 26.500000 50.000000 210 0.063797
2449 35.500000 26.299999 30.000000 156 0.071407
4668 37.500000 23.100000 50.000000 188 0.057945
4673 37.500000 23.299999 50.000000 117 0.055525
5112 37.900002 22.500000 70.000000 128 0.071047
5117 37.900002 22.700001 70.000000 256 0.068847
5118 37.900002 22.700001 50.000000 412 0.067929
3991 36.900002 23.700001 90.000000 179 0.050220
3992 36.900002 23.700001 70.000000 141 0.054623
4222 37.099998 23.700001 70.000000 73 0.050963
4449 37.299999 23.500000 30.000000 67 0.053829
3996 36.900002 23.900000 90.000000 93 0.053160
3997 36.900002 23.900000 70.000000 60 0.049302
4227 37.099998 23.900000 70.000000 40 0.054759
4232 37.099998 24.100000 70.000000 27 0.056027
4233 37.099998 24.100000 50.000000 108 0.047794
4238 37.099998 24.299999 50.000000 65 0.043793
4239 37.099998 24.299999 30.000000 75 0.049260
4240 37.099998 24.299999 10.000000 78 0.048675
4245 37.099998 24.500000 10.000000 103 0.049216
3987 36.900002 23.500000 70.000000 136 0.053281
4221 37.099998 23.700001 90.000000 110 0.052056
4457 37.299999 23.900000 70.000000 32 0.063738
4458 37.299999 23.900000 50.000000 177 0.049625
4463 37.299999 24.100000 50.000000 80 0.044318
4464 37.299999 24.100000 30.000000 56 0.049695
4694 37.500000 24.100000 30.000000 84 0.049245
4699 37.500000 24.299999 30.000000 60 0.041211
4700 37.500000 24.299999 10.000000 58 0.042543
4216 37.099998 23.500000 90.000000 100 0.051974
4442 37.299999 23.299999 70.000000 114 0.050483
5120 37.900002 22.700001 10.000000 26 0.053279
4435 37.299999 22.900000 10.000000 38 0.064266
4418 37.299999 22.299999 50.000000 119 0.080009
4414 37.299999 22.100000 30.000000 172 0.084281
4415 37.299999 22.100000 10.000000 151 0.084327
4410 37.299999 21.900000 10.000000 241 0.089165
4639 37.500000 21.900000 30.000000 136 0.095626
4640 37.500000 21.900000 10.000000 68 0.081836
4423 37.299999 22.500000 50.000000 162 0.076480
4188 37.099998 22.299999 50.000000 47 0.068232
4189 37.099998 22.299999 30.000000 110 0.072437
5134 37.900002 23.299999 30.000000 297 0.062508
5139 37.900002 23.500000 30.000000 500 0.062471
5145 37.900002 23.700001 10.000000 629 0.063583
5375 38.099998 23.700001 10.000000 376 0.057542
5380 38.099998 23.900000 10.000000 666 0.055646
4901 37.700001 23.299999 90.000000 94 0.051332
4902 37.700001 23.299999 70.000000 39 0.056303
4672 37.500000 23.299999 70.000000 71 0.057837
4674 37.500000 23.299999 30.000000 45 0.082428
4896 37.700001 23.100000 90.000000 129 0.061097
4897 37.700001 23.100000 70.000000 140 0.062832
4892 37.700001 22.900000 70.000000 356 0.062864
5123 37.900002 22.900000 50.000000 259 0.069606
4671 37.500000 23.299999 90.000000 131 0.054387
4666 37.500000 23.100000 90.000000 76 0.055746
4667 37.500000 23.100000 70.000000 142 0.058091
4434 37.299999 22.900000 30.000000 67 0.062801
4906 37.700001 23.500000 90.000000 78 0.047473
4907 37.700001 23.500000 70.000000 35 0.042959
4912 37.700001 23.700001 70.000000 34 0.040933
4918 37.700001 23.900000 50.000000 83 0.050320
4923 37.700001 24.100000 50.000000 19 0.045320
3137 36.099998 26.299999 70.000000 74 0.049340
3138 36.099998 26.299999 50.000000 102 0.047095
3368 36.299999 26.299999 50.000000 120 0.042819
3369 36.299999 26.299999 30.000000 30 0.065207
3132 36.099998 26.100000 70.000000 74 0.051032
3133 36.099998 26.100000 50.000000 99 0.052093
3358 36.299999 25.900000 50.000000 133 0.055522
3359 36.299999 25.900000 30.000000 113 0.075297
3589 36.500000 25.900000 30.000000 148 0.052106
2673 35.700001 26.100000 50.000000 225 0.059763
2205 35.299999 25.700001 10.000000 330 0.064841
2933 35.900002 27.299999 50.000000 146 0.054459
5347 38.099998 22.700001 70.000000 155 0.061274
5342 38.099998 22.500000 70.000000 135 0.062855
5124 37.900002 22.900000 30.000000 111 0.089835
3187 36.099998 28.299999 70.000000 27 0.071097
3188 36.099998 28.299999 50.000000 42 0.076823
3183 36.099998 28.100000 50.000000 72 0.074480
3184 36.099998 28.100000 30.000000 66 0.098646
3418 36.299999 28.299999 50.000000 69 0.063779
3648 36.500000 28.299999 50.000000 84 0.057787
3649 36.500000 28.299999 30.000000 25 0.082593
3413 36.299999 28.100000 50.000000 109 0.067648
3635 36.500000 27.700001 10.000000 17 0.055269
3423 36.299999 28.500000 50.000000 45 0.058571
3653 36.500000 28.500000 50.000000 54 0.049279
3658 36.500000 28.700001 50.000000 25 0.046894
3659 36.500000 28.700001 30.000000 20 0.052561
3894 36.700001 28.900000 30.000000 16 0.051065
3404 36.299999 27.700001 30.000000 101 0.053944
3399 36.299999 27.500000 30.000000 40 0.045329
3400 36.299999 27.500000 10.000000 22 0.044777
3086 36.099998 24.299999 90.000000 34 0.054102
3087 36.099998 24.299999 70.000000 246 0.060318
2857 35.900002 24.299999 70.000000 78 0.067800
2852 35.900002 24.100000 70.000000 24 0.069353
2853 35.900002 24.100000 50.000000 310 0.067902
2623 35.700001 24.100000 50.000000 197 0.075990
2624 35.700001 24.100000 30.000000 181 0.081450
2389 35.500000 23.900000 30.000000 117 0.111172
3092 36.099998 24.500000 70.000000 213 0.060757
3322 36.299999 24.500000 70.000000 93 0.054955
3323 36.299999 24.500000 50.000000 132 0.060784
3328 36.299999 24.700001 50.000000 143 0.060136
3329 36.299999 24.700001 30.000000 42 0.071447
3559 36.500000 24.700001 30.000000 175 0.061191
3564 36.500000 24.900000 30.000000 133 0.054303
2862 35.900002 24.500000 70.000000 125 0.064822
2638 35.700001 24.700001 50.000000 260 0.059537
2415 35.500000 24.900000 10.000000 126 0.063410
3097 36.099998 24.700001 70.000000 112 0.061788
3098 36.099998 24.700001 50.000000 89 0.061950
3103 36.099998 24.900000 50.000000 74 0.066689
3333 36.299999 24.900000 50.000000 125 0.059590
3338 36.299999 25.100000 50.000000 81 0.062607
3339 36.299999 25.100000 30.000000 108 0.069977
3344 36.299999 25.299999 30.000000 113 0.073532
3345 36.299999 25.299999 10.000000 92 0.076621
3575 36.500000 25.299999 10.000000 65 0.069691
3327 36.299999 24.700001 70.000000 36 0.056719
3563 36.500000 24.900000 50.000000 103 0.047781
3558 36.500000 24.700001 50.000000 170 0.050735
3788 36.700001 24.700001 50.000000 127 0.052392
3793 36.700001 24.900000 50.000000 134 0.052763
3794 36.700001 24.900000 30.000000 177 0.055103
4024 36.900002 24.900000 30.000000 147 0.054045
4025 36.900002 24.900000 10.000000 59 0.051164
4030 36.900002 25.100000 10.000000 100 0.046080
4260 37.099998 25.100000 10.000000 229 0.045400
4029 36.900002 25.100000 30.000000 145 0.051144
4265 37.099998 25.299999 10.000000 131 0.044534
3798 36.700001 25.100000 50.000000 77 0.049248
4034 36.900002 25.299999 30.000000 197 0.050311
4035 36.900002 25.299999 10.000000 186 0.049610
3332 36.299999 24.900000 70.000000 20 0.053097
3574 36.500000 25.299999 30.000000 87 0.054454
3557 36.500000 24.700001 70.000000 23 0.054399
3787 36.700001 24.700001 70.000000 23 0.047937
4023 36.900002 24.900000 50.000000 53 0.047708
4028 36.900002 25.100000 50.000000 49 0.046237
4258 37.099998 25.100000 50.000000 24 0.051307
4259 37.099998 25.100000 30.000000 47 0.052678
4489 37.299999 25.100000 30.000000 27 0.031662
4494 37.299999 25.299999 30.000000 17 0.034229
4495 37.299999 25.299999 10.000000 17 0.039221
4725 37.500000 25.299999 10.000000 49 0.042246
3102 36.099998 24.900000 70.000000 53 0.058433
3337 36.299999 25.100000 70.000000 21 0.064952
3343 36.299999 25.299999 50.000000 60 0.061753
3353 36.299999 25.700001 50.000000 102 0.053662
3594 36.500000 26.100000 30.000000 75 0.055100
3595 36.500000 26.100000 10.000000 4 0.059061
3082 36.099998 24.100000 70.000000 157 0.061358
3312 36.299999 24.100000 70.000000 168 0.055718
3537 36.500000 23.900000 70.000000 124 0.057926
3767 36.700001 23.900000 70.000000 129 0.053701
3762 36.700001 23.700001 70.000000 185 0.056435
3763 36.700001 23.700001 50.000000 222 0.053797
3993 36.900002 23.700001 50.000000 253 0.054086
3988 36.900002 23.500000 50.000000 252 0.059436
3317 36.299999 24.299999 70.000000 140 0.059095
3542 36.500000 24.100000 70.000000 104 0.055776
3772 36.700001 24.100000 70.000000 50 0.046291
3998 36.900002 23.900000 50.000000 156 0.048683
4228 37.099998 23.900000 50.000000 199 0.049783
5140 37.900002 23.500000 10.000000 277 0.067762
5370 38.099998 23.500000 10.000000 85 0.055073
3173 36.099998 27.700001 50.000000 181 0.052617
3631 36.500000 27.700001 90.000000 74 0.038594
4629 37.500000 21.500000 30.000000 23 0.085841
4404 37.299999 21.700001 30.000000 19 0.094762
4399 37.299999 21.500000 30.000000 1 0.090801
4174 37.099998 21.700001 30.000000 4 0.101324
4175 37.099998 21.700001 10.000000 2 0.080639
3945 36.900002 21.700001 10.000000 2 0.080639
3824 36.700001 26.100000 30.000000 140 0.043516
2663 35.700001 25.700001 50.000000 176 0.058683
5126 37.900002 23.100000 90.000000 136 0.063008
5127 37.900002 23.100000 70.000000 49 0.062804
5122 37.900002 22.900000 70.000000 157 0.066093
5132 37.900002 23.299999 70.000000 42 0.053008
5137 37.900002 23.500000 70.000000 19 0.049111
3357 36.299999 25.900000 70.000000 45 0.047103
2429 35.500000 25.500000 30.000000 164 0.068627
2444 35.500000 26.100000 30.000000 144 0.072068
2689 35.700001 26.700001 30.000000 83 0.080628
2460 35.500000 26.700001 10.000000 17 0.075139
2913 35.900002 26.500000 50.000000 122 0.052148
2695 35.700001 26.900000 10.000000 33 0.077218
3142 36.099998 26.500000 70.000000 54 0.046953
3153 36.099998 26.900000 50.000000 77 0.039767
3164 36.099998 27.299999 30.000000 19 0.062618
3771 36.700001 24.100000 90.000000 118 0.049892
3777 36.700001 24.299999 70.000000 43 0.045782
4007 36.900002 24.299999 70.000000 32 0.036365
4008 36.900002 24.299999 50.000000 81 0.043628
4009 36.900002 24.299999 30.000000 86 0.047872
4244 37.099998 24.500000 30.000000 48 0.050566
3776 36.700001 24.299999 90.000000 54 0.050144
3782 36.700001 24.500000 70.000000 32 0.042137
3783 36.700001 24.500000 50.000000 128 0.057943
3789 36.700001 24.700001 30.000000 90 0.051770
3790 36.700001 24.700001 10.000000 29 0.045052
4012 36.900002 24.500000 70.000000 28 0.034174
4013 36.900002 24.500000 50.000000 58 0.043376
4018 36.900002 24.700001 50.000000 67 0.044589
4019 36.900002 24.700001 30.000000 83 0.053532
4255 37.099998 24.900000 10.000000 78 0.048989
3766 36.700001 23.900000 90.000000 111 0.055546
3757 36.700001 23.500000 70.000000 113 0.057065
3758 36.700001 23.500000 50.000000 327 0.058627
3753 36.700001 23.299999 50.000000 389 0.068953
3754 36.700001 23.299999 30.000000 152 0.064520
3750 36.700001 23.100000 10.000000 233 0.061201
4001 36.900002 24.100000 90.000000 59 0.055073
4002 36.900002 24.100000 70.000000 45 0.053091
4468 37.299999 24.299999 50.000000 53 0.032219
4469 37.299999 24.299999 30.000000 30 0.037767
4695 37.500000 24.100000 10.000000 15 0.065027
3541 36.500000 24.100000 90.000000 99 0.050964
3083 36.099998 24.100000 50.000000 175 0.060629
3078 36.099998 23.900000 50.000000 240 0.061847
2848 35.900002 23.900000 50.000000 299 0.071279
2618 35.700001 23.900000 50.000000 70 0.094997
2619 35.700001 23.900000 30.000000 169 0.088793
3761 36.700001 23.700001 90.000000 105 0.055612
3752 36.700001 23.299999 70.000000 78 0.061226
3748 36.700001 23.100000 50.000000 312 0.075913
3743 36.700001 22.900000 50.000000 84 0.081416
3739 36.700001 22.700001 30.000000 61 0.086176
3970 36.900002 22.700001 10.000000 10 0.088540
4017 36.900002 24.700001 70.000000 23 0.043155
4247 37.099998 24.700001 70.000000 21 0.046600
4248 37.099998 24.700001 50.000000 40 0.038297
4253 37.099998 24.900000 50.000000 38 0.039285
4483 37.299999 24.900000 50.000000 11 0.037119
4488 37.299999 25.100000 50.000000 13 0.027043
3792 36.700001 24.900000 70.000000 13 0.060053
3311 36.299999 24.100000 90.000000 17 0.059407
3088 36.099998 24.299999 50.000000 124 0.062751
2858 35.900002 24.299999 50.000000 242 0.064574
2628 35.700001 24.299999 50.000000 272 0.066378
2629 35.700001 24.299999 30.000000 148 0.072030
2634 35.700001 24.500000 30.000000 98 0.068704
2404 35.500000 24.500000 30.000000 203 0.078042
2405 35.500000 24.500000 10.000000 55 0.076719
4006 36.900002 24.299999 90.000000 29 0.045679
4237 37.099998 24.299999 70.000000 12 0.050472
4242 37.099998 24.500000 70.000000 15 0.040184
4243 37.099998 24.500000 50.000000 50 0.043464
4473 37.299999 24.500000 50.000000 37 0.033755
4478 37.299999 24.700001 50.000000 13 0.024555
4708 37.500000 24.700001 50.000000 10 0.046638
4709 37.500000 24.700001 30.000000 37 0.037174
4939 37.700001 24.700001 30.000000 27 0.030583
4944 37.700001 24.900000 30.000000 5 0.029355
4945 37.700001 24.900000 10.000000 27 0.031598
5175 37.900002 24.900000 10.000000 33 0.029602
4688 37.500000 23.900000 50.000000 105 0.053528
5149 37.900002 23.900000 30.000000 243 0.053495
5150 37.900002 23.900000 10.000000 297 0.052779
4452 37.299999 23.700001 70.000000 36 0.059537
3781 36.700001 24.500000 90.000000 19 0.052795
4033 36.900002 25.299999 50.000000 31 0.049041
4038 36.900002 25.500000 50.000000 55 0.044532
4660 37.500000 22.700001 10.000000 15 0.041791
5563 38.299999 22.100000 50.000000 323 0.098625
5564 38.299999 22.100000 30.000000 395 0.102341
5340 38.099998 22.299999 10.000000 175 0.072220
5345 38.099998 22.500000 10.000000 5 0.045008
5103 37.900002 22.100000 50.000000 189 0.097293
5098 37.900002 21.900000 50.000000 111 0.107099
4899 37.700001 23.100000 30.000000 127 0.070195
5129 37.900002 23.100000 30.000000 161 0.064910
5364 38.099998 23.299999 30.000000 199 0.062246
5365 38.099998 23.299999 10.000000 13 0.042237
5369 38.099998 23.500000 30.000000 221 0.063135
5374 38.099998 23.700001 30.000000 266 0.059886
4882 37.700001 22.500000 70.000000 81 0.074853
4657 37.500000 22.700001 70.000000 167 0.065254
5373 38.099998 23.700001 50.000000 17 0.067734
5378 38.099998 23.900000 50.000000 12 0.067785
5379 38.099998 23.900000 30.000000 28 0.059168
5384 38.099998 24.100000 30.000000 15 0.055924
5385 38.099998 24.100000 10.000000 16 0.054718
5390 38.099998 24.299999 10.000000 57 0.046156
4095 36.900002 27.700001 10.000000 17 0.061936
4325 37.099998 27.700001 10.000000 31 0.066457
3612 36.500000 26.900000 70.000000 29 0.076012
3619 36.500000 27.100000 30.000000 21 0.069718
3848 36.700001 27.100000 50.000000 29 0.058779
3387 36.299999 27.100000 70.000000 63 0.045584
1708 34.900002 24.299999 50.000000 8 0.095555
1939 35.099998 24.299999 30.000000 50 0.111336
1944 35.099998 24.500000 30.000000 39 0.090662
1945 35.099998 24.500000 10.000000 10 0.113187
1934 35.099998 24.100000 30.000000 41 0.113066
2164 35.299999 24.100000 30.000000 56 0.104877
2165 35.299999 24.100000 10.000000 32 0.123312
2160 35.299999 23.900000 10.000000 28 0.139308
1938 35.099998 24.299999 50.000000 35 0.106521
1949 35.099998 24.700001 30.000000 58 0.089927
2454 35.500000 26.500000 30.000000 149 0.070683
2439 35.500000 25.900000 30.000000 182 0.062598
2209 35.299999 25.900000 30.000000 210 0.065660
2194 35.299999 25.299999 30.000000 294 0.066836
2674 35.700001 26.100000 30.000000 8 0.069772
2669 35.700001 25.900000 30.000000 1 0.096034
2899 35.900002 25.900000 30.000000 6 0.083705
2894 35.900002 25.700001 30.000000 8 0.092590
3124 36.099998 25.700001 30.000000 53 0.070048
3119 36.099998 25.500000 30.000000 26 0.086470
3580 36.500000 25.500000 10.000000 59 0.066671
2684 35.700001 26.500000 30.000000 104 0.085665
2940 35.900002 27.500000 10.000000 10 0.088054
2945 35.900002 27.700001 10.000000 26 0.075738
2863 35.900002 24.500000 50.000000 201 0.062825
3093 36.099998 24.500000 50.000000 92 0.056279
3099 36.099998 24.700001 30.000000 7 0.081016
2868 35.900002 24.700001 50.000000 139 0.058030
3104 36.099998 24.900000 30.000000 19 0.078252
3109 36.099998 25.100000 30.000000 20 0.075154
2195 35.299999 25.299999 10.000000 207 0.059618
3334 36.299999 24.900000 30.000000 72 0.070421
5121 37.900002 22.900000 90.000000 83 0.064208
3737 36.700001 22.700001 70.000000 11 0.081700
3738 36.700001 22.700001 50.000000 34 0.072991
3735 36.700001 22.500000 10.000000 57 0.085989
3507 36.500000 22.700001 70.000000 6 0.064918
3508 36.500000 22.700001 50.000000 16 0.089361
3513 36.500000 22.900000 50.000000 77 0.090531
3283 36.299999 22.900000 50.000000 39 0.104474
3284 36.299999 22.900000 30.000000 82 0.109272
3285 36.299999 22.900000 10.000000 73 0.108797
3055 36.099998 22.900000 10.000000 170 0.102839
4440 37.299999 23.100000 10.000000 20 0.085338
4198 37.099998 22.700001 50.000000 242 0.071943
4193 37.099998 22.500000 50.000000 80 0.064102
4425 37.299999 22.500000 10.000000 143 0.072707
3967 36.900002 22.700001 70.000000 14 0.073108
3742 36.700001 22.900000 70.000000 16 0.090889
3972 36.900002 22.900000 70.000000 36 0.060005
4904 37.700001 23.299999 30.000000 126 0.066233
5135 37.900002 23.299999 10.000000 18 0.040343
4296 37.099998 26.700001 90.000000 13 0.053911
4526 37.299999 26.700001 90.000000 3 0.085750
4527 37.299999 26.700001 70.000000 10 0.060119
4532 37.299999 26.900000 70.000000 15 0.039865
4533 37.299999 26.900000 50.000000 28 0.049227
4763 37.500000 26.900000 50.000000 28 0.048542
4764 37.500000 26.900000 30.000000 94 0.051446
4994 37.700001 26.900000 30.000000 16 0.048054
4995 37.700001 26.900000 10.000000 120 0.051438
4301 37.099998 26.900000 90.000000 14 0.030595
4306 37.099998 27.100000 90.000000 12 0.035158
4537 37.299999 27.100000 70.000000 12 0.023888
4538 37.299999 27.100000 50.000000 56 0.044111
4768 37.500000 27.100000 50.000000 13 0.024312
4769 37.500000 27.100000 30.000000 78 0.045869
4770 37.500000 27.100000 10.000000 25 0.042528
4775 37.500000 27.299999 10.000000 19 0.037017
5005 37.700001 27.299999 10.000000 19 0.037017
4056 36.900002 26.299999 90.000000 24 0.060301
2927 35.900002 27.100000 70.000000 107 0.054987
2921 35.900002 26.900000 90.000000 15 0.054096
4081 36.900002 27.299999 90.000000 13 0.076959
4086 36.900002 27.500000 90.000000 13 0.051704
4091 36.900002 27.700001 90.000000 7 0.043018
3396 36.299999 27.500000 90.000000 38 0.055790
3636 36.500000 27.900000 90.000000 13 0.037065
4413 37.299999 22.100000 50.000000 18 0.089289
4409 37.299999 21.900000 30.000000 85 0.100725
4179 37.099998 21.900000 30.000000 22 0.088765
4408 37.299999 21.900000 50.000000 8 0.087698
4183 37.099998 22.100000 50.000000 13 0.070965
4178 37.099998 21.900000 50.000000 6 0.068453
3949 36.900002 21.900000 30.000000 19 0.107887
3960 36.900002 22.299999 10.000000 11 0.114618
1734 34.900002 25.299999 30.000000 6 0.105471
1725 34.900002 24.900000 10.000000 2 0.152685
1960 35.099998 25.100000 10.000000 19 0.075022
2914 35.900002 26.500000 30.000000 28 0.081865
3144 36.099998 26.500000 30.000000 15 0.089518
3374 36.299999 26.500000 30.000000 30 0.088463
3375 36.299999 26.500000 10.000000 9 0.110479
2679 35.700001 26.299999 30.000000 47 0.064088
2904 35.900002 26.100000 30.000000 26 0.055185
3129 36.099998 25.900000 30.000000 53 0.062645
3125 36.099998 25.700001 10.000000 4 0.086299
3355 36.299999 25.700001 10.000000 131 0.080143
2919 35.900002 26.700001 30.000000 10 0.062169
3154 36.099998 26.900000 30.000000 10 0.084711
3159 36.099998 27.100000 30.000000 11 0.066296
3389 36.299999 27.100000 30.000000 17 0.062294
3390 36.299999 27.100000 10.000000 5 0.085649
3395 36.299999 27.299999 10.000000 29 0.068800
2909 35.900002 26.299999 30.000000 44 0.062022
3134 36.099998 26.100000 30.000000 49 0.061988
3590 36.500000 25.900000 10.000000 24 0.040922
3364 36.299999 26.100000 30.000000 85 0.067387
3139 36.099998 26.299999 30.000000 33 0.070463
3825 36.700001 26.100000 10.000000 34 0.053157
3354 36.299999 25.700001 30.000000 124 0.064790
4320 37.099998 27.500000 10.000000 8 0.043627
4328 37.099998 27.900000 50.000000 26 0.052890
4329 37.099998 27.900000 30.000000 14 0.075698
4324 37.099998 27.700001 30.000000 34 0.067619
4554 37.299999 27.700001 30.000000 18 0.061244
4555 37.299999 27.700001 10.000000 11 0.058871
3041 36.099998 22.500000 90.000000 13 0.052173
3046 36.099998 22.700001 90.000000 15 0.055069
3047 36.099998 22.700001 70.000000 6 0.070603
3048 36.099998 22.700001 50.000000 4 0.075102
3053 36.099998 22.900000 50.000000 11 0.099462
3054 36.099998 22.900000 30.000000 9 0.097000
2817 35.900002 22.700001 70.000000 8 0.086662
2822 35.900002 22.900000 70.000000 12 0.073404
2823 35.900002 22.900000 50.000000 10 0.098219
2828 35.900002 23.100000 50.000000 9 0.126253
2829 35.900002 23.100000 30.000000 35 0.126502
2830 35.900002 23.100000 10.000000 10 0.112520
2835 35.900002 23.299999 10.000000 292 0.109793
2816 35.900002 22.700001 90.000000 15 0.063959
2821 35.900002 22.900000 90.000000 7 0.054776
2827 35.900002 23.100000 70.000000 8 0.053715
2597 35.700001 23.100000 70.000000 12 0.059077
2602 35.700001 23.299999 70.000000 9 0.051945
2603 35.700001 23.299999 50.000000 29 0.092273
2608 35.700001 23.500000 50.000000 28 0.078930
2378 35.500000 23.500000 50.000000 42 0.119972
2379 35.500000 23.500000 30.000000 109 0.134141
2384 35.500000 23.700001 30.000000 149 0.121514
2385 35.500000 23.700001 10.000000 119 0.115604
3276 36.299999 22.700001 90.000000 20 0.048575
3277 36.299999 22.700001 70.000000 5 0.075676
3512 36.500000 22.900000 70.000000 12 0.074643
3271 36.299999 22.500000 90.000000 8 0.059842
3272 36.299999 22.500000 70.000000 9 0.077080
3267 36.299999 22.299999 70.000000 4 0.051548
3497 36.500000 22.299999 70.000000 7 0.054667
3727 36.700001 22.299999 70.000000 5 0.054004
3722 36.700001 22.100000 70.000000 3 0.059295
3723 36.700001 22.100000 50.000000 10 0.061661
3953 36.900002 22.100000 50.000000 9 0.057869
3501 36.500000 22.500000 90.000000 4 0.050157
3502 36.500000 22.500000 70.000000 7 0.059217
3732 36.700001 22.500000 70.000000 4 0.056684
3962 36.900002 22.500000 70.000000 2 0.059795
4192 37.099998 22.500000 70.000000 7 0.038348
3051 36.099998 22.900000 90.000000 6 0.048075
3281 36.299999 22.900000 90.000000 12 0.036666
3286 36.299999 23.100000 90.000000 5 0.035822
3287 36.299999 23.100000 70.000000 6 0.060325
3522 36.500000 23.299999 70.000000 20 0.049539
3527 36.500000 23.500000 70.000000 73 0.058232
3768 36.700001 23.900000 50.000000 171 0.052268
4003 36.900002 24.100000 50.000000 117 0.048220
4004 36.900002 24.100000 30.000000 86 0.051742
4234 37.099998 24.100000 30.000000 50 0.047479
5337 38.099998 22.299999 70.000000 61 0.063528
5354 38.099998 22.900000 30.000000 43 0.069395
5359 38.099998 23.100000 30.000000 53 0.060599
5107 37.900002 22.299999 70.000000 51 0.069192
5363 38.099998 23.299999 50.000000 197 0.060354
4859 37.700001 21.500000 30.000000 47 0.104683
2687 35.700001 26.700001 70.000000 38 0.043367
4446 37.299999 23.500000 90.000000 90 0.052219
4447 37.299999 23.500000 70.000000 60 0.047239
4211 37.099998 23.299999 90.000000 53 0.055066
4441 37.299999 23.299999 90.000000 158 0.056687
2155 35.299999 23.700001 10.000000 48 0.130806
2150 35.299999 23.500000 10.000000 28 0.132863
2639 35.700001 24.700001 30.000000 74 0.060723
2869 35.900002 24.700001 30.000000 6 0.059039
3335 36.299999 24.900000 10.000000 2 0.101279
2874 35.900002 24.900000 30.000000 7 0.079096
3394 36.299999 27.299999 30.000000 28 0.062401
3148 36.099998 26.700001 50.000000 94 0.043103
3378 36.299999 26.700001 50.000000 69 0.041901
3373 36.299999 26.500000 50.000000 91 0.039720
2944 35.900002 27.700001 30.000000 51 0.070081
3383 36.299999 26.900000 50.000000 63 0.038745
3384 36.299999 26.900000 30.000000 12 0.053347
3614 36.500000 26.900000 30.000000 24 0.047706
3615 36.500000 26.900000 10.000000 7 0.081782
2224 35.299999 26.500000 30.000000 85 0.067508
3388 36.299999 27.100000 50.000000 61 0.039352
3393 36.299999 27.299999 50.000000 70 0.042657
3143 36.099998 26.500000 50.000000 107 0.042930
3128 36.099998 25.900000 50.000000 100 0.055660
3829 36.700001 26.299999 30.000000 33 0.044153
3849 36.700001 27.100000 30.000000 23 0.086422
4074 36.900002 26.900000 30.000000 5 0.067940
4075 36.900002 26.900000 10.000000 1 0.086306
4083 36.900002 27.299999 50.000000 50 0.045832
4314 37.099998 27.299999 30.000000 6 0.042021
4319 37.099998 27.500000 30.000000 10 0.063071
4278 37.099998 25.900000 50.000000 5 0.045469
4273 37.099998 25.700001 50.000000 12 0.032258
4504 37.299999 25.700001 30.000000 9 0.042914
4499 37.299999 25.500000 30.000000 17 0.041916
4500 37.299999 25.500000 10.000000 13 0.041614
4730 37.500000 25.500000 10.000000 16 0.038458
3879 36.700001 28.299999 30.000000 36 0.066632
4268 37.099998 25.500000 50.000000 12 0.044493
4263 37.099998 25.299999 50.000000 11 0.043447
4264 37.099998 25.299999 30.000000 59 0.044954
4490 37.299999 25.100000 10.000000 10 0.039498
4720 37.500000 25.100000 10.000000 10 0.054779
4715 37.500000 24.900000 10.000000 54 0.038677
2643 35.700001 24.900000 50.000000 194 0.063312
3494 36.500000 22.100000 30.000000 17 0.110294
3499 36.500000 22.299999 30.000000 22 0.103343
3500 36.500000 22.299999 10.000000 7 0.134260
3724 36.700001 22.100000 30.000000 19 0.089716
3719 36.700001 21.900000 30.000000 10 0.141660
3729 36.700001 22.299999 30.000000 11 0.086187
3730 36.700001 22.299999 10.000000 6 0.118903
4269 37.099998 25.500000 30.000000 28 0.041273
3419 36.299999 28.299999 30.000000 23 0.089740
3414 36.299999 28.100000 30.000000 107 0.088751
3654 36.500000 28.500000 30.000000 16 0.070728
3178 36.099998 27.900000 50.000000 108 0.063482
2943 35.900002 27.700001 50.000000 118 0.056658
2709 35.700001 27.500000 30.000000 76 0.066034
3850 36.700001 27.100000 10.000000 16 0.098547
4088 36.900002 27.500000 50.000000 75 0.051945
4309 37.099998 27.100000 30.000000 5 0.045995
4310 37.099998 27.100000 10.000000 4 0.043768
3609 36.500000 26.700001 30.000000 28 0.043534
3610 36.500000 26.700001 10.000000 15 0.042971
4318 37.099998 27.500000 50.000000 61 0.046369
4539 37.299999 27.100000 30.000000 60 0.049112
4765 37.500000 26.900000 10.000000 93 0.050943
2708 35.700001 27.500000 50.000000 42 0.057890
2703 35.700001 27.299999 50.000000 40 0.064428
2698 35.700001 27.100000 50.000000 149 0.064083
2468 35.500000 27.100000 50.000000 33 0.065153
2463 35.500000 26.900000 50.000000 39 0.063054
2229 35.299999 26.700001 30.000000 28 0.070379
2225 35.299999 26.500000 10.000000 14 0.070381
4308 37.099998 27.100000 50.000000 31 0.048283
4534 37.299999 26.900000 30.000000 15 0.047474
4529 37.299999 26.700001 30.000000 20 0.045960
4759 37.500000 26.700001 30.000000 28 0.048273
4754 37.500000 26.500000 30.000000 15 0.033123
4755 37.500000 26.500000 10.000000 10 0.035467
4750 37.500000 26.299999 10.000000 18 0.031873
4980 37.700001 26.299999 10.000000 24 0.032925
4323 37.099998 27.700001 50.000000 48 0.049894
4548 37.299999 27.500000 50.000000 38 0.048221
4778 37.500000 27.500000 50.000000 9 0.042954
4773 37.500000 27.299999 50.000000 23 0.042697
5003 37.700001 27.299999 50.000000 10 0.041943
5004 37.700001 27.299999 30.000000 9 0.042954
4999 37.700001 27.100000 30.000000 12 0.041760
5229 37.900002 27.100000 30.000000 14 0.040095
5230 37.900002 27.100000 10.000000 9 0.042954
5225 37.900002 26.900000 10.000000 20 0.033860
5455 38.099998 26.900000 10.000000 19 0.034643
3532 36.500000 23.700001 70.000000 150 0.061667
3528 36.500000 23.500000 50.000000 506 0.058734
3523 36.500000 23.299999 50.000000 480 0.073780
3293 36.299999 23.299999 50.000000 634 0.078596
3294 36.299999 23.299999 30.000000 302 0.091316
3289 36.299999 23.100000 30.000000 258 0.094039
3290 36.299999 23.100000 10.000000 212 0.096696
3060 36.099998 23.100000 10.000000 190 0.105437
3773 36.700001 24.100000 50.000000 141 0.052732
4219 37.099998 23.500000 30.000000 41 0.056191
4214 37.099998 23.299999 30.000000 153 0.082303
3778 36.700001 24.299999 50.000000 104 0.061417
4223 37.099998 23.700001 50.000000 256 0.054693
3307 36.299999 23.900000 70.000000 102 0.060416
3308 36.299999 23.900000 50.000000 406 0.060581
3551 36.500000 24.500000 90.000000 31 0.045105
3556 36.500000 24.700001 90.000000 28 0.058656
3562 36.500000 24.900000 70.000000 11 0.046590
3786 36.700001 24.700001 90.000000 6 0.075138
3321 36.299999 24.500000 90.000000 35 0.049642
3326 36.299999 24.700001 90.000000 44 0.059248
2867 35.900002 24.700001 70.000000 123 0.061600
2644 35.700001 24.900000 30.000000 28 0.070583
3546 36.500000 24.299999 90.000000 55 0.052703
3983 36.900002 23.299999 50.000000 308 0.068283
3984 36.900002 23.299999 30.000000 132 0.080834
4210 37.099998 23.100000 10.000000 6 0.052514
5088 37.900002 21.500000 50.000000 30 0.086189
5093 37.900002 21.700001 50.000000 42 0.097461
5330 38.099998 21.900000 10.000000 78 0.116028
2877 35.900002 25.100000 70.000000 83 0.059643
2878 35.900002 25.100000 50.000000 56 0.062476
2883 35.900002 25.299999 50.000000 41 0.063379
3113 36.099998 25.299999 50.000000 43 0.053767
3114 36.099998 25.299999 30.000000 20 0.081440
3108 36.099998 25.100000 50.000000 45 0.062014
2882 35.900002 25.299999 70.000000 60 0.055081
3107 36.099998 25.100000 70.000000 35 0.063343
3112 36.099998 25.299999 70.000000 23 0.056349
3118 36.099998 25.500000 50.000000 44 0.050277
2649 35.700001 25.100000 30.000000 17 0.074693
2879 35.900002 25.100000 30.000000 5 0.076993
2884 35.900002 25.299999 30.000000 14 0.078481
5573 38.299999 22.500000 50.000000 194 0.063821
5578 38.299999 22.700001 50.000000 69 0.058570
5583 38.299999 22.900000 50.000000 85 0.060606
4195 37.099998 22.500000 10.000000 7 0.091773
5588 38.299999 23.100000 50.000000 27 0.058721
5593 38.299999 23.299999 50.000000 9 0.049553
5368 38.099998 23.500000 50.000000 44 0.052830
3974 36.900002 22.900000 30.000000 325 0.080427
3975 36.900002 22.900000 10.000000 274 0.079730
4197 37.099998 22.700001 70.000000 48 0.069519
4202 37.099998 22.900000 70.000000 91 0.062475
4678 37.500000 23.500000 50.000000 182 0.058513
4679 37.500000 23.500000 30.000000 86 0.066723
4229 37.099998 23.900000 30.000000 15 0.064305
3518 36.500000 23.100000 50.000000 240 0.081035
3063 36.099998 23.299999 50.000000 650 0.083174
3068 36.099998 23.500000 50.000000 961 0.073212
2838 35.900002 23.500000 50.000000 86 0.097074
2843 35.900002 23.700001 50.000000 249 0.080157
2844 35.900002 23.700001 30.000000 154 0.091016
2614 35.700001 23.700001 30.000000 114 0.094132
3172 36.099998 27.700001 70.000000 42 0.043670
3833 36.700001 26.500000 50.000000 60 0.035440
4686 37.500000 23.900000 90.000000 79 0.054216
4916 37.700001 23.900000 90.000000 32 0.049827
4917 37.700001 23.900000 70.000000 23 0.049459
4691 37.500000 24.100000 90.000000 61 0.043194
4692 37.500000 24.100000 70.000000 14 0.041721
4693 37.500000 24.100000 50.000000 58 0.045833
4698 37.500000 24.299999 50.000000 28 0.043772
4929 37.700001 24.299999 30.000000 42 0.045859
4681 37.500000 23.700001 90.000000 70 0.057644
4676 37.500000 23.500000 90.000000 104 0.052332
4677 37.500000 23.500000 70.000000 41 0.061982
4461 37.299999 24.100000 90.000000 53 0.043479
4466 37.299999 24.299999 90.000000 19 0.035225
4467 37.299999 24.299999 70.000000 9 0.046409
4474 37.299999 24.500000 30.000000 19 0.030888
4911 37.700001 23.700001 90.000000 39 0.053209
5142 37.900002 23.700001 70.000000 13 0.053709
4921 37.700001 24.100000 90.000000 19 0.042766
4922 37.700001 24.100000 70.000000 11 0.043961
5152 37.900002 24.100000 70.000000 4 0.036851
5157 37.900002 24.299999 70.000000 2 0.011093
5158 37.900002 24.299999 50.000000 5 0.017319
5159 37.900002 24.299999 30.000000 37 0.039579
5389 38.099998 24.299999 30.000000 3 0.011672
4696 37.500000 24.299999 90.000000 14 0.034198
4701 37.500000 24.500000 90.000000 9 0.050805
4702 37.500000 24.500000 70.000000 11 0.055869
4703 37.500000 24.500000 50.000000 34 0.033938
4714 37.500000 24.900000 30.000000 14 0.045632
4926 37.700001 24.299999 90.000000 2 0.017650
4931 37.700001 24.500000 90.000000 1 0.018124
4932 37.700001 24.500000 70.000000 3 0.033152
4933 37.700001 24.500000 50.000000 5 0.041375
4938 37.700001 24.700001 50.000000 4 0.064808
5174 37.900002 24.900000 30.000000 1 0.018124
4451 37.299999 23.700001 90.000000 56 0.055128
4471 37.299999 24.500000 90.000000 11 0.027912
4472 37.299999 24.500000 70.000000 7 0.012710
4477 37.299999 24.700001 70.000000 16 0.025319
4254 37.099998 24.900000 30.000000 67 0.042077
4662 37.500000 22.900000 70.000000 209 0.065098
4706 37.500000 24.700001 90.000000 6 0.066534
4707 37.500000 24.700001 70.000000 4 0.041231
4712 37.500000 24.900000 70.000000 2 0.030692
4713 37.500000 24.900000 50.000000 2 0.036547
4718 37.500000 25.100000 50.000000 2 0.021482
4719 37.500000 25.100000 30.000000 12 0.049866
4724 37.500000 25.299999 30.000000 10 0.039941
4236 37.099998 24.299999 90.000000 19 0.062645
4241 37.099998 24.500000 90.000000 33 0.049920
4476 37.299999 24.700001 90.000000 15 0.049167
4252 37.099998 24.900000 70.000000 11 0.055398
4206 37.099998 23.100000 90.000000 14 0.052149
4482 37.299999 24.900000 70.000000 7 0.041442
4487 37.299999 25.100000 70.000000 7 0.026495
4246 37.099998 24.700001 90.000000 10 0.048582
4022 36.900002 24.900000 70.000000 16 0.057026
4456 37.299999 23.900000 90.000000 47 0.058676
3986 36.900002 23.500000 90.000000 53 0.050900
3756 36.700001 23.500000 90.000000 12 0.047718
3519 36.500000 23.100000 30.000000 261 0.085496
4891 37.700001 22.900000 90.000000 33 0.055115
4436 37.299999 23.100000 90.000000 63 0.054445
4431 37.299999 22.900000 90.000000 16 0.043229
4432 37.299999 22.900000 70.000000 124 0.059822
4427 37.299999 22.700001 70.000000 74 0.055960
4422 37.299999 22.500000 70.000000 12 0.046404
4661 37.500000 22.900000 90.000000 27 0.049012
4656 37.500000 22.700001 90.000000 7 0.054071
4652 37.500000 22.500000 70.000000 40 0.070917
4481 37.299999 24.900000 90.000000 14 0.058847
4251 37.099998 24.900000 90.000000 17 0.056391
4256 37.099998 25.100000 90.000000 32 0.054892
4257 37.099998 25.100000 70.000000 9 0.038471
4262 37.099998 25.299999 70.000000 4 0.051203
4201 37.099998 22.900000 90.000000 7 0.052132
4196 37.099998 22.700001 90.000000 2 0.031838
3273 36.299999 22.500000 50.000000 9 0.100560
3274 36.299999 22.500000 30.000000 4 0.140985
3278 36.299999 22.700001 50.000000 11 0.092654
3279 36.299999 22.700001 30.000000 54 0.102265
3268 36.299999 22.299999 50.000000 3 0.086518
3498 36.500000 22.299999 50.000000 12 0.073785
3725 36.700001 22.100000 10.000000 9 0.074705
2948 35.900002 27.900000 50.000000 65 0.063220
3064 36.099998 23.299999 30.000000 302 0.108734
3059 36.099998 23.100000 30.000000 154 0.110629
3298 36.299999 23.500000 50.000000 982 0.065057
3520 36.500000 23.100000 10.000000 154 0.085187
3515 36.500000 22.900000 10.000000 115 0.087426
3288 36.299999 23.100000 50.000000 127 0.088651
3514 36.500000 22.900000 30.000000 81 0.099761
3740 36.700001 22.700001 10.000000 44 0.087440
3303 36.299999 23.700001 50.000000 557 0.059407
3313 36.299999 24.100000 50.000000 252 0.059363
3543 36.500000 24.100000 50.000000 270 0.057709
3548 36.500000 24.299999 50.000000 255 0.060870
3549 36.500000 24.299999 30.000000 139 0.077457
3554 36.500000 24.500000 30.000000 124 0.075528
3560 36.500000 24.700001 10.000000 65 0.070189
3533 36.500000 23.700001 50.000000 312 0.052938
3538 36.500000 23.900000 50.000000 274 0.055327
3774 36.700001 24.100000 30.000000 114 0.067215
4459 37.299999 23.900000 30.000000 82 0.054785
4690 37.500000 23.900000 10.000000 66 0.054968
3553 36.500000 24.500000 50.000000 178 0.056245
3318 36.299999 24.299999 50.000000 120 0.064431
4249 37.099998 24.700001 30.000000 53 0.044859
4479 37.299999 24.700001 30.000000 38 0.040148
4480 37.299999 24.700001 10.000000 25 0.044331
4485 37.299999 24.900000 10.000000 29 0.040035
3073 36.099998 23.700001 50.000000 290 0.066625
4704 37.500000 24.500000 30.000000 33 0.032999
4940 37.700001 24.700001 10.000000 23 0.032680
2400 35.500000 24.299999 10.000000 195 0.083465
2170 35.299999 24.299999 10.000000 38 0.094396
3784 36.700001 24.500000 30.000000 72 0.064335
3299 36.299999 23.500000 30.000000 224 0.088084
3295 36.299999 23.299999 10.000000 38 0.071784
3524 36.500000 23.299999 30.000000 222 0.074027
3069 36.099998 23.500000 30.000000 145 0.091799
3074 36.099998 23.700001 30.000000 49 0.073161
2620 35.700001 23.900000 10.000000 115 0.085230
3529 36.500000 23.500000 30.000000 78 0.062616
3759 36.700001 23.500000 30.000000 34 0.067978
4215 37.099998 23.299999 10.000000 36 0.096773
3534 36.500000 23.700001 30.000000 15 0.064198
3764 36.700001 23.700001 30.000000 16 0.068933
3994 36.900002 23.700001 30.000000 11 0.066171
4224 37.099998 23.700001 30.000000 11 0.063429
4454 37.299999 23.700001 30.000000 36 0.066995
2613 35.700001 23.700001 50.000000 33 0.084885
3509 36.500000 22.700001 30.000000 85 0.101001
2393 35.500000 24.100000 50.000000 32 0.091984
2168 35.299999 24.299999 50.000000 41 0.086140
2169 35.299999 24.299999 30.000000 45 0.095918
2174 35.299999 24.500000 30.000000 52 0.088027
5160 37.900002 24.299999 10.000000 35 0.042265
3062 36.099998 23.299999 70.000000 117 0.056441
3058 36.099998 23.100000 50.000000 10 0.115975
3067 36.099998 23.500000 70.000000 69 0.050846
3297 36.299999 23.500000 70.000000 68 0.053097
3292 36.299999 23.299999 70.000000 70 0.054556
3302 36.299999 23.700001 70.000000 75 0.063363
3072 36.099998 23.700001 70.000000 35 0.063439
2842 35.900002 23.700001 70.000000 4 0.058860
2410 35.500000 24.700001 10.000000 93 0.070700
4014 36.900002 24.500000 30.000000 37 0.046752
3340 36.299999 25.100000 10.000000 13 0.077867
3503 36.500000 22.500000 50.000000 8 0.069855
3510 36.500000 22.700001 10.000000 62 0.100436
3161 36.099998 27.299999 90.000000 4 0.043238
2926 35.900002 27.100000 90.000000 2 0.054399
3401 36.299999 27.700001 90.000000 7 0.054117
3065 36.099998 23.299999 10.000000 80 0.099702
2849 35.900002 23.900000 30.000000 131 0.078474
3304 36.299999 23.700001 30.000000 41 0.069451
3309 36.299999 23.900000 30.000000 33 0.073127
3314 36.299999 24.100000 30.000000 32 0.076298
3544 36.500000 24.100000 30.000000 80 0.076396
3079 36.099998 23.900000 30.000000 27 0.053760
2854 35.900002 24.100000 30.000000 61 0.078612
2859 35.900002 24.299999 30.000000 12 0.062755
3539 36.500000 23.900000 30.000000 62 0.072223
4087 36.900002 27.500000 70.000000 29 0.055672
4542 37.299999 27.299999 70.000000 4 0.038012
4774 37.500000 27.299999 30.000000 34 0.047952
3871 36.700001 28.100000 90.000000 3 0.034032
4113 36.900002 28.500000 50.000000 23 0.060974
4114 36.900002 28.500000 30.000000 41 0.052061
3779 36.700001 24.299999 30.000000 88 0.075165
3769 36.700001 23.900000 30.000000 37 0.071571
4010 36.900002 24.299999 10.000000 18 0.054002
2834 35.900002 23.299999 30.000000 127 0.116084
3182 36.099998 28.100000 70.000000 55 0.054796
3417 36.299999 28.299999 70.000000 22 0.043906
3412 36.299999 28.100000 70.000000 34 0.048020
3407 36.299999 27.900000 70.000000 46 0.047282
2839 35.900002 23.500000 30.000000 88 0.083234
2840 35.900002 23.500000 10.000000 73 0.081254
3177 36.099998 27.900000 70.000000 54 0.045377
3127 36.099998 25.900000 70.000000 43 0.054478
3123 36.099998 25.700001 50.000000 71 0.051627
2908 35.900002 26.299999 50.000000 107 0.053984
2193 35.299999 25.299999 50.000000 59 0.078680
3377 36.299999 26.700001 70.000000 14 0.046590
2183 35.299999 24.900000 50.000000 21 0.088591
2178 35.299999 24.700001 50.000000 23 0.092724
1948 35.099998 24.700001 50.000000 9 0.083665
1943 35.099998 24.500000 50.000000 26 0.090893
2469 35.500000 27.100000 30.000000 38 0.072948
2474 35.500000 27.299999 30.000000 13 0.083156
4102 36.900002 28.100000 70.000000 57 0.062296
4553 37.299999 27.700001 50.000000 14 0.051536
4779 37.500000 27.500000 30.000000 5 0.064276
4327 37.099998 27.900000 70.000000 8 0.045776
3989 36.900002 23.500000 30.000000 9 0.056118
2903 35.900002 26.100000 50.000000 73 0.056775
2898 35.900002 25.900000 50.000000 76 0.056886
3379 36.299999 26.700001 30.000000 15 0.063803
4288 37.099998 26.299999 50.000000 9 0.047664
4289 37.099998 26.299999 30.000000 4 0.033830
4519 37.299999 26.299999 30.000000 8 0.034796
4749 37.500000 26.299999 30.000000 14 0.031109
4063 36.900002 26.500000 50.000000 24 0.039321
4293 37.099998 26.500000 50.000000 10 0.038376
4298 37.099998 26.700001 50.000000 14 0.047392
4528 37.299999 26.700001 50.000000 18 0.050694
4760 37.500000 26.700001 10.000000 6 0.047930
4990 37.700001 26.700001 10.000000 8 0.052121
3832 36.700001 26.500000 70.000000 63 0.033784
2615 35.700001 23.700001 10.000000 33 0.075302
4322 37.099998 27.700001 70.000000 8 0.040873
4036 36.900002 25.500000 90.000000 24 0.057968
4037 36.900002 25.500000 70.000000 12 0.066973
3806 36.700001 25.500000 90.000000 22 0.051863
3802 36.700001 25.299999 70.000000 22 0.047881
4267 37.099998 25.500000 70.000000 1 0.212465
4041 36.900002 25.700001 90.000000 8 0.044216
4042 36.900002 25.700001 70.000000 30 0.038031
4031 36.900002 25.299999 90.000000 37 0.055258
4032 36.900002 25.299999 70.000000 20 0.057155
3812 36.700001 25.700001 70.000000 32 0.047688
4027 36.900002 25.100000 70.000000 15 0.048696
4266 37.099998 25.500000 90.000000 1 0.048736
4496 37.299999 25.500000 90.000000 1 0.048736
4497 37.299999 25.500000 70.000000 1 0.048736
4498 37.299999 25.500000 50.000000 4 0.031450
4493 37.299999 25.299999 50.000000 6 0.048238
4261 37.099998 25.299999 90.000000 11 0.049368
4484 37.299999 24.900000 30.000000 26 0.029518
3811 36.700001 25.700001 90.000000 14 0.060669
3830 36.700001 26.299999 10.000000 1 0.089184
4026 36.900002 25.100000 90.000000 28 0.049697
4705 37.500000 24.500000 10.000000 4 0.027570
4486 37.299999 25.100000 90.000000 4 0.058369
4711 37.500000 24.900000 90.000000 3 0.080370
4937 37.700001 24.700001 70.000000 3 0.080370
5168 37.900002 24.700001 50.000000 1 0.066368
5163 37.900002 24.500000 50.000000 5 0.052741
5164 37.900002 24.500000 30.000000 7 0.043653
5165 37.900002 24.500000 10.000000 3 0.080370
5395 38.099998 24.500000 10.000000 3 0.080370
3801 36.700001 25.299999 90.000000 58 0.047086
3571 36.500000 25.299999 90.000000 38 0.046966
3111 36.099998 25.299999 90.000000 54 0.055175
3106 36.099998 25.100000 90.000000 69 0.055792
3367 36.299999 26.299999 70.000000 35 0.069540
3838 36.700001 26.700001 50.000000 50 0.046000
3839 36.700001 26.700001 30.000000 10 0.050727
4080 36.900002 27.100000 10.000000 3 0.081035
2872 35.900002 24.900000 70.000000 78 0.054686
5806 38.500000 22.700001 90.000000 7 0.051288
5576 38.299999 22.700001 90.000000 33 0.052794
5577 38.299999 22.700001 70.000000 51 0.060530
5571 38.299999 22.500000 90.000000 5 0.051391
5572 38.299999 22.500000 70.000000 49 0.059529
5581 38.299999 22.900000 90.000000 34 0.054773
5582 38.299999 22.900000 70.000000 24 0.058621
5587 38.299999 23.100000 70.000000 12 0.053961
5352 38.099998 22.900000 70.000000 91 0.064650
5811 38.500000 22.900000 90.000000 1 0.026204
5357 38.099998 23.100000 70.000000 34 0.058745
5362 38.099998 23.299999 70.000000 26 0.048801
5346 38.099998 22.700001 90.000000 42 0.055664
4302 37.099998 26.900000 70.000000 12 0.039829
1494 34.700001 24.900000 30.000000 2 0.104660
4767 37.500000 27.100000 70.000000 3 0.024073
4993 37.700001 26.900000 50.000000 6 0.019310
5224 37.900002 26.900000 30.000000 11 0.026419
2243 35.299999 27.299999 50.000000 2 0.067234
2238 35.299999 27.100000 50.000000 2 0.086971
2239 35.299999 27.100000 30.000000 7 0.083862
2240 35.299999 27.100000 10.000000 2 0.067234
2235 35.299999 26.900000 10.000000 2 0.067234
2223 35.299999 26.500000 50.000000 9 0.078987
2203 35.299999 25.700001 50.000000 59 0.064822
3647 36.500000 28.299999 70.000000 14 0.047114
3888 36.700001 28.700001 50.000000 4 0.062813
3536 36.500000 23.900000 90.000000 29 0.048840
3547 36.500000 24.299999 70.000000 51 0.056062
3552 36.500000 24.500000 70.000000 30 0.047302
3747 36.700001 23.100000 70.000000 17 0.081965
2208 35.299999 25.900000 50.000000 58 0.071497
1984 35.099998 26.100000 30.000000 28 0.081055
2888 35.900002 25.500000 50.000000 50 0.059578
3999 36.900002 23.900000 30.000000 25 0.056640
3428 36.299999 28.700001 50.000000 18 0.051667
3880 36.700001 28.299999 10.000000 6 0.073183
3189 36.099998 28.299999 30.000000 16 0.114024
3122 36.099998 25.700001 70.000000 21 0.054444
2681 35.700001 26.500000 90.000000 9 0.047374
2671 35.700001 26.100000 90.000000 20 0.058174
4880 37.700001 22.299999 10.000000 7 0.091780
2952 35.900002 28.100000 70.000000 19 0.047581
2953 35.900002 28.100000 50.000000 16 0.066513
2949 35.900002 27.900000 30.000000 20 0.087942
2950 35.900002 27.900000 10.000000 9 0.081625
2947 35.900002 27.900000 70.000000 17 0.045828
2713 35.700001 27.700001 50.000000 33 0.059395
2942 35.900002 27.700001 70.000000 15 0.045946
2712 35.700001 27.700001 70.000000 4 0.061678
2473 35.500000 27.299999 50.000000 22 0.071074
2233 35.299999 26.900000 50.000000 8 0.072794
2228 35.299999 26.700001 50.000000 18 0.067366
4470 37.299999 24.299999 10.000000 11 0.047544
3324 36.299999 24.500000 30.000000 40 0.070951
4015 36.900002 24.500000 10.000000 21 0.053498
2692 35.700001 26.900000 70.000000 12 0.040398
2686 35.700001 26.700001 90.000000 1 0.041809
2932 35.900002 27.299999 70.000000 37 0.040908
2437 35.500000 25.900000 70.000000 26 0.051031
4518 37.299999 26.299999 50.000000 1 0.069017
2893 35.900002 25.700001 50.000000 54 0.059355
3370 36.299999 26.299999 10.000000 1 0.099444
4283 37.099998 26.100000 50.000000 9 0.042537
4107 36.900002 28.299999 70.000000 11 0.069609
5000 37.700001 27.100000 10.000000 8 0.043237
4332 37.099998 28.100000 70.000000 1 0.052062
4558 37.299999 27.900000 50.000000 2 0.046650
4783 37.500000 27.700001 50.000000 2 0.046650
2937 35.900002 27.500000 70.000000 14 0.045514
2707 35.700001 27.500000 70.000000 4 0.045626
2234 35.299999 26.900000 30.000000 2 0.112666
1995 35.099998 26.500000 10.000000 6 0.103720
3149 36.099998 26.700001 30.000000 8 0.083765
2247 35.299999 27.500000 70.000000 7 0.051696
2248 35.299999 27.500000 50.000000 2 0.071840
2244 35.299999 27.299999 30.000000 3 0.086340
2477 35.500000 27.500000 70.000000 5 0.054621
2478 35.500000 27.500000 50.000000 6 0.061789
2483 35.500000 27.700001 50.000000 3 0.061280
2714 35.700001 27.700001 30.000000 18 0.071589
2482 35.500000 27.700001 70.000000 3 0.045926
2252 35.299999 27.700001 70.000000 1 0.018609
2487 35.500000 27.900000 70.000000 4 0.049465
2717 35.700001 27.900000 70.000000 4 0.052684
2718 35.700001 27.900000 50.000000 13 0.063700
2719 35.700001 27.900000 30.000000 8 0.098732
2710 35.700001 27.500000 10.000000 4 0.103960
3185 36.099998 28.100000 10.000000 89 0.079190
2954 35.900002 28.100000 30.000000 7 0.107758
3319 36.299999 24.299999 30.000000 29 0.075831
5097 37.900002 21.900000 70.000000 21 0.077956
5328 38.099998 21.900000 50.000000 408 0.105633
5329 38.099998 21.900000 30.000000 245 0.119027
5110 37.900002 22.299999 10.000000 439 0.079478
5102 37.900002 22.100000 70.000000 25 0.067220
4082 36.900002 27.299999 70.000000 16 0.064272
4279 37.099998 25.900000 30.000000 8 0.040389
4062 36.900002 26.500000 70.000000 7 0.023393
2889 35.900002 25.500000 30.000000 10 0.100324
3120 36.099998 25.500000 10.000000 4 0.101951
2262 35.299999 28.100000 70.000000 6 0.080128
2492 35.500000 28.100000 70.000000 5 0.081449
2493 35.500000 28.100000 50.000000 2 0.113998
2488 35.500000 27.900000 50.000000 3 0.076993
2479 35.500000 27.500000 30.000000 3 0.084519
2475 35.500000 27.299999 10.000000 56 0.062404
2257 35.299999 27.900000 70.000000 1 0.073522
2258 35.299999 27.900000 50.000000 1 0.073522
2253 35.299999 27.700001 50.000000 1 0.073522
2470 35.500000 27.100000 10.000000 249 0.072306
2723 35.700001 28.100000 50.000000 2 0.123706
4710 37.500000 24.700001 10.000000 14 0.037077
3193 36.099998 28.500000 50.000000 12 0.076959
3429 36.299999 28.700001 30.000000 2 0.077385
3664 36.500000 28.900000 30.000000 5 0.081866
2963 35.900002 28.500000 50.000000 9 0.065395
2958 35.900002 28.299999 50.000000 12 0.076461
4297 37.099998 26.700001 70.000000 9 0.049293
4758 37.500000 26.700001 50.000000 7 0.063403
2452 35.500000 26.500000 70.000000 6 0.053494
2173 35.299999 24.500000 50.000000 41 0.102135
1953 35.099998 24.900000 50.000000 6 0.099905
4645 37.500000 22.100000 10.000000 9 0.137281
3101 36.099998 24.900000 90.000000 41 0.050408
3336 36.299999 25.100000 90.000000 70 0.060612
3567 36.500000 25.100000 70.000000 11 0.027459
3331 36.299999 24.900000 90.000000 45 0.053130
2873 35.900002 24.900000 50.000000 86 0.060261
3420 36.299999 28.299999 10.000000 3 0.070287
4785 37.500000 27.700001 10.000000 4 0.055516
4523 37.299999 26.500000 50.000000 8 0.027514
4524 37.299999 26.500000 30.000000 4 0.028898
1704 34.900002 24.100000 30.000000 17 0.133971
5147 37.900002 23.900000 70.000000 11 0.053251
5148 37.900002 23.900000 50.000000 31 0.047934
5153 37.900002 24.100000 50.000000 7 0.054040
5154 37.900002 24.100000 30.000000 18 0.044448
4682 37.500000 23.700001 70.000000 32 0.059030
4687 37.500000 23.900000 70.000000 28 0.061539
4697 37.500000 24.299999 70.000000 11 0.064529
4927 37.700001 24.299999 70.000000 3 0.038829
4928 37.700001 24.299999 50.000000 10 0.057310
4934 37.700001 24.500000 30.000000 6 0.025209
5169 37.900002 24.700001 30.000000 4 0.017681
5170 37.900002 24.700001 10.000000 5 0.021119
1994 35.099998 26.500000 30.000000 4 0.118476
4046 36.900002 25.900000 90.000000 12 0.037478
4250 37.099998 24.700001 10.000000 4 0.035641
2959 35.900002 28.299999 30.000000 2 0.113174
2847 35.900002 23.900000 70.000000 11 0.057304
3077 36.099998 23.900000 70.000000 56 0.053943
4334 37.099998 28.100000 30.000000 1 0.103511
3840 36.700001 26.700001 10.000000 3 0.050476
3835 36.700001 26.500000 10.000000 3 0.050476
2935 35.900002 27.299999 10.000000 1 0.054142
4059 36.900002 26.299999 30.000000 12 0.044057
4522 37.299999 26.500000 70.000000 5 0.033497
4753 37.500000 26.500000 50.000000 5 0.035186
4061 36.900002 26.500000 90.000000 13 0.056794
4286 37.099998 26.299999 90.000000 4 0.041543
4281 37.099998 26.100000 90.000000 5 0.046788
4282 37.099998 26.100000 70.000000 4 0.055655
4277 37.099998 25.900000 70.000000 5 0.043032
4507 37.299999 25.900000 70.000000 3 0.041207
4508 37.299999 25.900000 50.000000 4 0.049434
4503 37.299999 25.700001 50.000000 7 0.047877
4729 37.500000 25.500000 30.000000 4 0.042898
4276 37.099998 25.900000 90.000000 3 0.050553
4272 37.099998 25.700001 70.000000 1 0.063621
4502 37.299999 25.700001 70.000000 2 0.036368
4011 36.900002 24.500000 90.000000 27 0.047051
4016 36.900002 24.700001 90.000000 9 0.060434
4021 36.900002 24.900000 90.000000 11 0.052253
3797 36.700001 25.100000 70.000000 11 0.054054
4231 37.099998 24.100000 90.000000 41 0.055807
4226 37.099998 23.900000 90.000000 70 0.064395
3091 36.099998 24.500000 90.000000 13 0.052272
3096 36.099998 24.700001 90.000000 33 0.059740
5592 38.299999 23.299999 70.000000 4 0.047489
5351 38.099998 22.900000 90.000000 125 0.061316
5341 38.099998 22.500000 90.000000 8 0.034974
5356 38.099998 23.100000 90.000000 42 0.056761
4877 37.700001 22.299999 70.000000 8 0.058188
5586 38.299999 23.100000 90.000000 3 0.060226
5597 38.299999 23.500000 70.000000 1 0.102190
5367 38.099998 23.500000 70.000000 5 0.044171
4475 37.299999 24.500000 10.000000 3 0.037402
5591 38.299999 23.299999 90.000000 1 0.018719
5361 38.099998 23.299999 90.000000 13 0.055206
5372 38.099998 23.700001 70.000000 2 0.068172
5377 38.099998 23.900000 70.000000 3 0.060384
5383 38.099998 24.100000 50.000000 2 0.033652
5388 38.099998 24.299999 50.000000 1 0.018719
4998 37.700001 27.100000 50.000000 4 0.038943
4333 37.099998 28.100000 50.000000 4 0.052854
4559 37.299999 27.900000 30.000000 1 0.065227
4985 37.700001 26.500000 10.000000 6 0.036081
4069 36.900002 26.700001 30.000000 3 0.034651
4064 36.900002 26.500000 30.000000 2 0.054427
4060 36.900002 26.299999 10.000000 2 0.054427
3360 36.299999 25.900000 10.000000 55 0.094362
3422 36.299999 28.500000 70.000000 1 0.039014
3791 36.700001 24.900000 90.000000 10 0.041646
3796 36.700001 25.100000 90.000000 11 0.046227
3561 36.500000 24.900000 90.000000 13 0.051961
3566 36.500000 25.100000 90.000000 15 0.055055
3834 36.700001 26.500000 30.000000 9 0.043449
4299 37.099998 26.700001 30.000000 7 0.049705
4300 37.099998 26.700001 10.000000 1 0.030439
3855 36.700001 27.299999 10.000000 2 0.043237
4545 37.299999 27.299999 10.000000 1 0.054904
3424 36.299999 28.500000 30.000000 2 0.080587
4294 37.099998 26.500000 30.000000 1 0.023814
3130 36.099998 25.900000 10.000000 4 0.085865
3365 36.299999 26.100000 10.000000 7 0.083733
3316 36.299999 24.299999 90.000000 36 0.054921
4462 37.299999 24.100000 70.000000 12 0.050390
4020 36.900002 24.700001 10.000000 4 0.082365
4339 37.099998 28.299999 30.000000 1 0.050357
3531 36.500000 23.700001 90.000000 23 0.062199
3301 36.299999 23.700001 90.000000 3 0.056286
2856 35.900002 24.299999 90.000000 15 0.062254
2866 35.900002 24.700001 90.000000 3 0.043143
3576 36.500000 25.500000 90.000000 21 0.043094
3718 36.700001 21.900000 50.000000 4 0.131466
3488 36.500000 21.900000 50.000000 1 0.117919
3489 36.500000 21.900000 30.000000 7 0.162185
3948 36.900002 21.900000 50.000000 2 0.104220
4867 37.700001 21.900000 70.000000 7 0.075921
4872 37.700001 22.100000 70.000000 7 0.061772
4450 37.299999 23.500000 10.000000 1 0.046654
1940 35.099998 24.299999 10.000000 1 0.153002
1715 34.900002 24.500000 10.000000 2 0.117919
3650 36.500000 28.299999 10.000000 2 0.077888
5008 37.700001 27.500000 50.000000 1 0.041237
5234 37.900002 27.299999 30.000000 1 0.041237
4292 37.099998 26.500000 70.000000 5 0.032457
1469 34.700001 23.900000 30.000000 3 0.094521
1474 34.700001 24.100000 30.000000 2 0.111631
1699 34.900002 23.900000 30.000000 10 0.135861
2864 35.900002 24.500000 30.000000 5 0.073210
3094 36.099998 24.500000 30.000000 10 0.077143
3330 36.299999 24.700001 10.000000 1 0.060300
4552 37.299999 27.700001 70.000000 2 0.044774
2154 35.299999 23.700001 30.000000 73 0.126041
1924 35.099998 23.700001 30.000000 18 0.139907
1929 35.099998 23.900000 30.000000 30 0.133002
1930 35.099998 23.900000 10.000000 8 0.136595
1700 34.900002 23.900000 10.000000 16 0.135777
2159 35.299999 23.900000 30.000000 55 0.120720
4190 37.099998 22.299999 10.000000 7 0.083346
2604 35.700001 23.299999 30.000000 72 0.135125
2609 35.700001 23.500000 30.000000 30 0.105300
3084 36.099998 24.100000 30.000000 13 0.058130
3089 36.099998 24.299999 30.000000 10 0.060825
3117 36.099998 25.500000 70.000000 9 0.054050
1730 34.900002 25.100000 10.000000 1 0.160857
2654 35.700001 25.299999 30.000000 12 0.071678
4311 37.099998 27.299999 90.000000 2 0.048277
3405 36.299999 27.700001 10.000000 1 0.048787
3785 36.700001 24.500000 10.000000 179 0.081381
4723 37.500000 25.299999 50.000000 2 0.075027
4949 37.700001 25.100000 30.000000 1 0.007728
4950 37.700001 25.100000 10.000000 1 0.007728
3751 36.700001 23.299999 90.000000 3 0.047238
2702 35.700001 27.299999 70.000000 5 0.047271
5131 37.900002 23.299999 90.000000 54 0.054794
3039 36.099998 22.299999 30.000000 4 0.119198
3269 36.299999 22.299999 30.000000 4 0.123299
3275 36.299999 22.500000 10.000000 2 0.163178
3044 36.099998 22.500000 30.000000 2 0.081068
3049 36.099998 22.700001 30.000000 1 0.084793
3050 36.099998 22.700001 10.000000 1 0.084793
3264 36.299999 22.100000 30.000000 1 0.067476
3495 36.500000 22.100000 10.000000 1 0.067476
5155 37.900002 24.100000 10.000000 3 0.034425
4536 37.299999 27.100000 90.000000 1 -0.003677
3980 36.900002 23.100000 10.000000 10 0.055004
4513 37.299999 26.100000 50.000000 1 0.035259
4509 37.299999 25.900000 30.000000 1 0.035259
3780 36.700001 24.299999 10.000000 156 0.080211
4271 37.099998 25.700001 90.000000 1 0.078923
4511 37.299999 26.100000 90.000000 1 0.078923
4516 37.299999 26.299999 90.000000 1 0.078923
4517 37.299999 26.299999 70.000000 1 0.078923
4747 37.500000 26.299999 70.000000 1 0.078923
4752 37.500000 26.500000 70.000000 1 0.078923
4989 37.700001 26.700001 30.000000 3 0.057162
2871 35.900002 24.900000 90.000000 11 0.048282
4284 37.099998 26.100000 30.000000 6 0.044469
4317 37.099998 27.500000 70.000000 3 0.032151
3944 36.900002 21.700001 30.000000 2 0.153908
1933 35.099998 24.100000 50.000000 13 0.112327
5318 38.099998 21.500000 50.000000 25 0.078829
5323 38.099998 21.700001 50.000000 48 0.081594
5324 38.099998 21.700001 30.000000 132 0.114673
4173 37.099998 21.700001 50.000000 2 0.067484
3166 36.099998 27.500000 90.000000 4 0.038974
3171 36.099998 27.700001 90.000000 1 0.032923
5136 37.900002 23.500000 90.000000 32 0.055352
5141 37.900002 23.700001 90.000000 16 0.060783
4531 37.299999 26.900000 90.000000 2 0.017035
4291 37.099998 26.500000 90.000000 5 0.053334
4748 37.500000 26.299999 50.000000 2 0.046955
2610 35.700001 23.500000 10.000000 6 0.112475
2380 35.500000 23.500000 10.000000 24 0.124390
4514 37.299999 26.100000 30.000000 2 0.026813
4910 37.700001 23.500000 10.000000 30 0.064610
2374 35.500000 23.299999 30.000000 85 0.146202
2420 35.500000 25.100000 10.000000 43 0.072415
4762 37.500000 26.900000 70.000000 3 0.014546
4287 37.099998 26.299999 70.000000 1 0.080197
4512 37.299999 26.100000 70.000000 1 0.080197
2833 35.900002 23.299999 50.000000 5 0.111087
3493 36.500000 22.100000 50.000000 2 0.075220
4105 36.900002 28.100000 10.000000 1 0.045387
5146 37.900002 23.900000 90.000000 12 0.060027
5156 37.900002 24.299999 90.000000 1 0.017175
3981 36.900002 23.299999 90.000000 28 0.058380
3976 36.900002 23.100000 90.000000 5 0.032072
3506 36.500000 22.700001 90.000000 7 0.060000
2826 35.900002 23.100000 90.000000 4 0.050592
2598 35.700001 23.100000 50.000000 8 0.087995
3056 36.099998 23.100000 90.000000 7 0.070742
2832 35.900002 23.299999 70.000000 3 0.061294
3736 36.700001 22.700001 90.000000 2 0.059851
3731 36.700001 22.500000 90.000000 1 0.044542
3957 36.900002 22.299999 70.000000 1 0.044542
3291 36.299999 23.299999 90.000000 2 0.035302
3521 36.500000 23.299999 90.000000 4 0.049724
3516 36.500000 23.100000 90.000000 2 0.023525
3966 36.900002 22.700001 90.000000 1 0.058253
3296 36.299999 23.500000 90.000000 2 0.045598
3511 36.500000 22.900000 90.000000 4 0.028713
3746 36.700001 23.100000 90.000000 2 0.024222
3741 36.700001 22.900000 90.000000 3 0.060124
3971 36.900002 22.900000 90.000000 8 0.067790
3526 36.500000 23.500000 90.000000 3 0.058796
4521 37.299999 26.500000 90.000000 1 0.097884
4757 37.500000 26.700001 70.000000 1 0.089080
4491 37.299999 25.299999 90.000000 2 0.067080
4492 37.299999 25.299999 70.000000 2 0.067080
4936 37.700001 24.700001 90.000000 2 0.087370
2861 35.900002 24.500000 90.000000 6 0.056754
2627 35.700001 24.299999 70.000000 8 0.063253
5569 38.299999 22.299999 30.000000 228 0.070550
2425 35.500000 25.299999 10.000000 14 0.058430
2163 35.299999 24.100000 50.000000 19 0.092239
2388 35.500000 23.900000 50.000000 11 0.089533
2383 35.500000 23.700001 50.000000 19 0.102924
3555 36.500000 24.500000 10.000000 44 0.084079
5125 37.900002 22.900000 10.000000 144 0.081892
5355 38.099998 22.900000 10.000000 226 0.091660
5095 37.900002 21.700001 10.000000 159 0.113840
5325 38.099998 21.700001 10.000000 134 0.115491
5320 38.099998 21.500000 10.000000 144 0.110891
4420 37.299999 22.299999 10.000000 171 0.084628
5130 37.900002 23.100000 10.000000 51 0.060756
5349 38.099998 22.700001 30.000000 97 0.096948
5350 38.099998 22.700001 10.000000 69 0.109034
5090 37.900002 21.500000 10.000000 27 0.112544
4915 37.700001 23.700001 10.000000 131 0.068321
2144 35.299999 23.299999 30.000000 70 0.136430
2149 35.299999 23.500000 30.000000 77 0.132418
2210 35.299999 25.900000 10.000000 49 0.067476
5565 38.299999 22.100000 10.000000 526 0.090881
5560 38.299999 21.900000 10.000000 289 0.082292
5570 38.299999 22.299999 10.000000 93 0.070395
5795 38.500000 22.100000 10.000000 242 0.082497
5794 38.500000 22.100000 30.000000 120 0.074622
5790 38.500000 21.900000 10.000000 172 0.095150
5558 38.299999 21.900000 50.000000 167 0.096071
5553 38.299999 21.700001 50.000000 62 0.076954
5554 38.299999 21.700001 30.000000 133 0.095041
5549 38.299999 21.500000 30.000000 55 0.077163
5779 38.500000 21.500000 30.000000 64 0.076102
5774 38.500000 21.299999 30.000000 57 0.073668
5775 38.500000 21.299999 10.000000 59 0.075116
6005 38.700001 21.299999 10.000000 7 0.049510
6000 38.700001 21.100000 10.000000 55 0.073914
3550 36.500000 24.299999 10.000000 58 0.084366
2426 35.500000 25.500000 90.000000 1 0.060310
2192 35.299999 25.299999 70.000000 2 0.063262
2697 35.700001 27.100000 70.000000 5 0.045293
5584 38.299999 22.900000 30.000000 79 0.064191
5814 38.500000 22.900000 30.000000 147 0.068565
5815 38.500000 22.900000 10.000000 152 0.069109
6045 38.700001 22.900000 10.000000 158 0.069057
5770 38.500000 21.100000 10.000000 52 0.078563
5574 38.299999 22.500000 30.000000 147 0.073457
4886 37.700001 22.700001 90.000000 4 0.054041
5804 38.500000 22.500000 30.000000 42 0.077225
5809 38.500000 22.700001 30.000000 66 0.075010
5788 38.500000 21.900000 50.000000 32 0.108003
5789 38.500000 21.900000 30.000000 130 0.118222
6019 38.700001 21.900000 30.000000 40 0.113269
6020 38.700001 21.900000 10.000000 41 0.108883
6250 38.900002 21.900000 10.000000 43 0.112393
3775 36.700001 24.100000 10.000000 25 0.078160
5360 38.099998 23.100000 10.000000 6 0.088958
5116 37.900002 22.700001 90.000000 8 0.044812
5111 37.900002 22.500000 90.000000 4 0.037064
5575 38.299999 22.500000 10.000000 114 0.071392
5805 38.500000 22.500000 10.000000 114 0.071392
5559 38.299999 21.900000 30.000000 151 0.110416
5784 38.500000 21.700001 30.000000 106 0.087524
5785 38.500000 21.700001 10.000000 89 0.085627
5780 38.500000 21.500000 10.000000 98 0.086692
6010 38.700001 21.500000 10.000000 98 0.086204
4900 37.700001 23.100000 10.000000 45 0.076201
2588 35.700001 22.700001 50.000000 3 0.125681
2593 35.700001 22.900000 50.000000 7 0.107375
2594 35.700001 22.900000 30.000000 2 0.135447
2599 35.700001 23.100000 30.000000 20 0.131635
2373 35.500000 23.299999 50.000000 34 0.126133
5089 37.900002 21.500000 30.000000 37 0.113318
5793 38.500000 22.100000 50.000000 24 0.090574
3115 36.099998 25.299999 10.000000 2 0.077945
5579 38.299999 22.700001 30.000000 56 0.066599
5580 38.299999 22.700001 10.000000 19 0.056185
1935 35.099998 24.100000 10.000000 15 0.098150
5332 38.099998 22.100000 70.000000 34 0.078548
5562 38.299999 22.100000 70.000000 4 0.049137
4870 37.700001 21.900000 10.000000 21 0.123321
4865 37.700001 21.700001 10.000000 35 0.138427
5783 38.500000 21.700001 50.000000 5 0.063370
2153 35.299999 23.700001 50.000000 14 0.109681
2158 35.299999 23.900000 50.000000 12 0.087106
3517 36.500000 23.100000 70.000000 3 0.060495
6024 38.700001 22.100000 30.000000 11 0.085263
5818 38.500000 23.100000 50.000000 19 0.056491
5819 38.500000 23.100000 30.000000 15 0.074965
5820 38.500000 23.100000 10.000000 15 0.074965
6050 38.700001 23.100000 10.000000 15 0.074965
5366 38.099998 23.500000 90.000000 6 0.056385
5596 38.299999 23.500000 90.000000 1 0.052138
5601 38.299999 23.700001 90.000000 2 0.083423
5602 38.299999 23.700001 70.000000 1 0.052138
5607 38.299999 23.900000 70.000000 1 0.052138
5837 38.500000 23.900000 70.000000 2 0.083423
5838 38.500000 23.900000 50.000000 2 0.083423
5843 38.500000 24.100000 50.000000 3 0.067353
6073 38.700001 24.100000 50.000000 1 0.052138
6078 38.700001 24.299999 50.000000 1 0.052138
6079 38.700001 24.299999 30.000000 4 0.044244
6084 38.700001 24.500000 30.000000 1 0.052138
6085 38.700001 24.500000 10.000000 1 0.052138
6315 38.900002 24.500000 10.000000 4 0.044244
5567 38.299999 22.299999 70.000000 18 0.072988
5798 38.500000 22.299999 50.000000 18 0.055756
5799 38.500000 22.299999 30.000000 19 0.051462
1979 35.099998 25.900000 30.000000 40 0.067570
2811 35.900002 22.500000 90.000000 4 0.057394
3057 36.099998 23.100000 70.000000 4 0.077890
3266 36.299999 22.299999 90.000000 1 0.055614
2596 35.700001 23.100000 90.000000 3 0.057871
2607 35.700001 23.500000 70.000000 2 0.057733
2612 35.700001 23.700001 70.000000 3 0.049023
2617 35.700001 23.900000 70.000000 2 0.043846
2387 35.500000 23.900000 70.000000 2 0.058759
5823 38.500000 23.299999 50.000000 19 0.053972
5828 38.500000 23.500000 50.000000 21 0.051410
5833 38.500000 23.700001 50.000000 4 0.032519
6063 38.700001 23.700001 50.000000 3 0.041613
6068 38.700001 23.900000 50.000000 3 0.041613
6069 38.700001 23.900000 30.000000 3 0.041613
6074 38.700001 24.100000 30.000000 3 0.041613
6309 38.900002 24.299999 30.000000 3 0.041613
6310 38.900002 24.299999 10.000000 3 0.041613
4860 37.700001 21.500000 10.000000 2 0.169624
5319 38.099998 21.500000 30.000000 8 0.097706
5550 38.299999 21.500000 10.000000 3 0.105503
5084 37.900002 21.299999 30.000000 27 0.098758
5314 38.099998 21.299999 30.000000 9 0.098766
5544 38.299999 21.299999 30.000000 3 0.092881
5545 38.299999 21.299999 10.000000 1 0.129537
2605 35.700001 23.299999 10.000000 47 0.151402
5589 38.299999 23.100000 30.000000 12 0.075214
5803 38.500000 22.500000 50.000000 16 0.065026
6028 38.700001 22.299999 50.000000 5 0.070873
6023 38.700001 22.100000 50.000000 5 0.070873
6249 38.900002 21.900000 30.000000 5 0.070873
2625 35.700001 24.100000 10.000000 55 0.081288
2837 35.900002 23.500000 70.000000 5 0.060138
3282 36.299999 22.900000 70.000000 2 0.056448
1974 35.099998 25.700001 30.000000 11 0.071334
1975 35.099998 25.700001 10.000000 14 0.076748
2957 35.900002 28.299999 70.000000 2 0.069421
3545 36.500000 24.100000 10.000000 3 0.061596
5808 38.500000 22.700001 50.000000 3 0.061209
5548 38.299999 21.500000 50.000000 6 0.078328
5543 38.299999 21.299999 50.000000 2 0.085398
5538 38.299999 21.100000 50.000000 1 0.091762
5539 38.299999 21.100000 30.000000 2 0.085398
5534 38.299999 20.900000 30.000000 2 0.085398
5304 38.099998 20.900000 30.000000 26 0.075678
5305 38.099998 20.900000 10.000000 22 0.072222
5300 38.099998 20.700001 10.000000 27 0.075803
5295 38.099998 20.500000 10.000000 27 0.075803
5813 38.500000 22.900000 50.000000 10 0.066162
5327 38.099998 21.900000 70.000000 8 0.050634
5322 38.099998 21.700001 70.000000 3 0.027547
5313 38.099998 21.299999 50.000000 19 0.075133
5308 38.099998 21.100000 50.000000 8 0.034883
5309 38.099998 21.100000 30.000000 17 0.065342
4854 37.700001 21.299999 30.000000 15 0.097886
5085 37.900002 21.299999 10.000000 1 0.110638
5079 37.900002 21.100000 30.000000 30 0.095513
5074 37.900002 20.900000 30.000000 16 0.098560
2187 35.299999 25.100000 70.000000 9 0.087151
2182 35.299999 24.900000 70.000000 3 0.130219
2407 35.500000 24.700001 70.000000 5 0.064435
5812 38.500000 22.900000 70.000000 1 0.077694
5792 38.500000 22.100000 70.000000 1 0.033233
4628 37.500000 21.500000 50.000000 15 0.097395
4630 37.500000 21.500000 10.000000 1 0.138856
4858 37.700001 21.500000 50.000000 32 0.104024
4633 37.500000 21.700001 50.000000 13 0.100120
4623 37.500000 21.299999 50.000000 1 0.081856
4853 37.700001 21.299999 50.000000 11 0.102024
4848 37.700001 21.100000 50.000000 2 0.092781
5078 37.900002 21.100000 50.000000 8 0.078611
5299 38.099998 20.700001 30.000000 4 0.094691
5083 37.900002 21.299999 50.000000 18 0.085814
5810 38.500000 22.700001 10.000000 4 0.087328
6014 38.700001 21.700001 30.000000 2 0.108318
6015 38.700001 21.700001 10.000000 2 0.108318
6245 38.900002 21.700001 10.000000 2 0.108318
2659 35.700001 25.500000 30.000000 5 0.105437
2430 35.500000 25.500000 10.000000 1 0.096411
1962 35.099998 25.299999 70.000000 4 0.101442
1963 35.099998 25.299999 50.000000 6 0.118907
1969 35.099998 25.500000 30.000000 4 0.112082
1958 35.099998 25.100000 50.000000 3 0.129752
5376 38.099998 23.900000 90.000000 2 0.081216
5371 38.099998 23.700001 90.000000 5 0.084111
3042 36.099998 22.500000 70.000000 2 0.067458
3043 36.099998 22.500000 50.000000 3 0.073167
2824 35.900002 22.900000 30.000000 3 0.115051
2392 35.500000 24.100000 70.000000 6 0.125975
2397 35.500000 24.299999 70.000000 11 0.085931
1983 35.099998 26.100000 50.000000 1 0.081052
2587 35.700001 22.700001 70.000000 5 0.088173
2818 35.900002 22.700001 50.000000 2 0.105791
5336 38.099998 22.299999 90.000000 1 0.032537
1989 35.099998 26.299999 30.000000 3 0.085331
2362 35.500000 22.900000 70.000000 3 0.117103
2363 35.500000 22.900000 50.000000 4 0.117925
2368 35.500000 23.100000 50.000000 6 0.123419
2148 35.299999 23.500000 50.000000 16 0.116295
1923 35.099998 23.700001 50.000000 13 0.108871
3061 36.099998 23.299999 90.000000 1 0.083750
2831 35.900002 23.299999 90.000000 1 0.083750
4426 37.299999 22.700001 90.000000 2 0.053956
4647 37.500000 22.299999 70.000000 4 0.044249
1980 35.099998 25.900000 10.000000 49 0.068222
1918 35.099998 23.500000 50.000000 8 0.118648
1693 34.900002 23.700001 50.000000 1 0.140088
1694 34.900002 23.700001 30.000000 2 0.143191
1907 35.099998 23.100000 70.000000 5 0.116914
1912 35.099998 23.299999 70.000000 3 0.119296
2142 35.299999 23.299999 70.000000 3 0.109802
2143 35.299999 23.299999 50.000000 11 0.127499
1913 35.099998 23.299999 50.000000 5 0.122609
2137 35.299999 23.100000 70.000000 2 0.113341
1917 35.099998 23.500000 70.000000 1 0.118985
2367 35.500000 23.100000 70.000000 4 0.084838
1919 35.099998 23.500000 30.000000 5 0.152585
1908 35.099998 23.100000 50.000000 8 0.127130
1914 35.099998 23.299999 30.000000 5 0.147855
1920 35.099998 23.500000 10.000000 1 0.156718
2138 35.299999 23.100000 50.000000 7 0.133604
1928 35.099998 23.900000 50.000000 4 0.088831
2139 35.299999 23.100000 30.000000 47 0.137477
2369 35.500000 23.100000 30.000000 22 0.149361
1909 35.099998 23.100000 30.000000 10 0.126591
5829 38.500000 23.500000 30.000000 18 0.056080
5834 38.500000 23.700001 30.000000 33 0.051082
5839 38.500000 23.900000 30.000000 41 0.050402
5840 38.500000 23.900000 10.000000 39 0.050319
6070 38.700001 23.900000 10.000000 20 0.053180
6075 38.700001 24.100000 10.000000 46 0.050867
1925 35.099998 23.700001 10.000000 1 0.211497
5598 38.299999 23.500000 50.000000 19 0.045735
5599 38.299999 23.500000 30.000000 4 0.047668
5603 38.299999 23.700001 50.000000 14 0.046332
5604 38.299999 23.700001 30.000000 15 0.047065
5845 38.500000 24.100000 10.000000 26 0.049087
2467 35.500000 27.100000 70.000000 7 0.070733
2462 35.500000 26.900000 70.000000 5 0.058373
2232 35.299999 26.900000 70.000000 1 0.071883
2457 35.500000 26.700001 70.000000 3 0.074006
2472 35.500000 27.299999 70.000000 1 0.053825
2227 35.299999 26.700001 70.000000 1 0.072190
2441 35.500000 26.100000 90.000000 2 0.053438
2212 35.299999 26.100000 70.000000 1 0.045939
2446 35.500000 26.299999 90.000000 1 0.078303
5151 37.900002 24.100000 90.000000 3 0.045821
5381 38.099998 24.100000 90.000000 1 0.035213
5611 38.299999 24.100000 90.000000 1 0.035213
5612 38.299999 24.100000 70.000000 1 0.035213
5613 38.299999 24.100000 50.000000 2 0.041900
5844 38.500000 24.100000 30.000000 7 0.053919
4403 37.299999 21.700001 50.000000 6 0.089244
2156 35.299999 23.900000 90.000000 4 0.075349
2157 35.299999 23.900000 70.000000 4 0.075349
1927 35.099998 23.900000 70.000000 1 0.088063
2162 35.299999 24.100000 70.000000 1 0.064886
5609 38.299999 23.900000 30.000000 10 0.045567
5075 37.900002 20.900000 10.000000 8 0.101489
5070 37.900002 20.700001 10.000000 8 0.101489
2728 35.700001 28.299999 50.000000 2 0.117671
2484 35.500000 27.700001 30.000000 1 0.097570
5608 38.299999 23.900000 50.000000 3 0.033140
5614 38.299999 24.100000 30.000000 3 0.041159
5535 38.299999 20.900000 10.000000 1 0.079034
5530 38.299999 20.700001 10.000000 1 0.079034
4849 37.700001 21.100000 30.000000 17 0.097171
4844 37.700001 20.900000 30.000000 1 0.108485
2402 35.500000 24.500000 70.000000 12 0.113268
4850 37.700001 21.100000 10.000000 16 0.096464
4845 37.700001 20.900000 10.000000 16 0.096464
2630 35.700001 24.299999 10.000000 1 0.046053
2145 35.299999 23.299999 10.000000 3 0.190004
6058 38.700001 23.500000 50.000000 1 0.048919
2357 35.500000 22.700001 70.000000 2 0.061561
2582 35.700001 22.500000 70.000000 1 0.045310
2812 35.900002 22.500000 70.000000 1 0.045310
2813 35.900002 22.500000 50.000000 1 0.045310
3038 36.099998 22.299999 50.000000 1 0.045310
2354 35.500000 22.500000 30.000000 1 0.077343
2584 35.700001 22.500000 30.000000 1 0.077343
2814 35.900002 22.500000 30.000000 1 0.077343
5382 38.099998 24.100000 70.000000 1 0.048586
5802 38.500000 22.500000 70.000000 3 0.074835
4417 37.299999 22.299999 70.000000 1 0.023755
2133 35.299999 22.900000 50.000000 3 0.120408
2600 35.700001 23.100000 10.000000 1 0.103941
5807 38.500000 22.700001 70.000000 2 0.083200
2586 35.700001 22.700001 90.000000 8 0.074217
2592 35.700001 22.900000 70.000000 9 0.076664
2591 35.700001 22.900000 90.000000 12 0.076043
3052 36.099998 22.900000 70.000000 1 0.094330
2361 35.500000 22.900000 90.000000 1 0.071553
2366 35.500000 23.100000 90.000000 1 0.071553
2372 35.500000 23.299999 70.000000 2 0.066491
2377 35.500000 23.500000 70.000000 1 0.061429
2382 35.500000 23.700001 70.000000 1 0.061429
2622 35.700001 24.100000 70.000000 3 0.060695
6254 38.900002 22.100000 30.000000 1 0.085508
5557 38.299999 21.900000 70.000000 1 0.023601
2167 35.299999 24.299999 70.000000 1 0.142833
4624 37.500000 21.299999 30.000000 1 0.041410
4619 37.500000 21.100000 30.000000 1 0.041410
4642 37.500000 22.100000 70.000000 1 0.073880
2197 35.299999 25.500000 70.000000 9 0.115408
5606 38.299999 23.900000 90.000000 1 0.114708
5836 38.500000 23.900000 90.000000 1 0.114708
