23.2999 35.8686
25.8938 36.8316
25.9788 36.9150
25.7690 36.7956
21.7089 37.5324
25.7726 36.3568
24.9482 37.8361
25.6847 36.6251
23.3012 35.8670
25.0763 37.0323
21.9209 38.5933
25.5230 37.0727
28.1212 36.2135
26.4114 36.5795
24.3784 38.0562
23.8638 38.0473
23.4677 38.0268
24.0496 37.7252
23.7176 37.9738
24.0428 35.5193
23.2368 37.5063
23.9331 38.0779
21.7111 37.9522
22.5271 38.4112
21.8105 38.9165
24.9197 36.6216
25.8555 35.0187
22.3423 37.9363
24.0874 34.8391
25.1016 35.3115
25.0709 35.3058
23.2591 37.3908
24.8900 35.2880
26.3050 37.6435
23.9811 35.4606
25.3618 36.7347
21.9252 37.1787
22.1398 38.3911
27.1376 35.6402
23.9200 35.4000
27.1610 35.5471
26.9152 35.4115
24.3191 37.6232
23.5600 35.3700
24.5680 36.7949
22.06348 37.0616
22.1504 38.0437
23.6248 35.2348
26.9517 36.7449
26.9785 36.7516
25.3374 35.2092
23.0621 36.2566
22.9939 36.2447
24.1001 38.6331
22.9887 36.1704
21.9785 38.2401
25.4780 35.1620
26.8353 37.1634
22.9988 38.6495
20.8367 37.7095
22.9673 38.0228
24.4219 36.7450
24.4017 36.6898
25.3844 37.4822
25.4400 36.9800
25.4014 36.4087
25.6103 35.2613
25.1825 37.1150
25.2253 37.0285
21.1833 38.5986
22.0283 38.0170
22.4907 37.8958
21.7722 37.3784
22.9593 37.6007
22.4553 37.5128
21.9252 37.1787
22.8195 37.1478
22.4420 36.8311
21.8879 36.7921
22.8982 36.6469
22.4785 36.4834
24.4266 35.3445
23.8638 38.0473
21.5259 38.6167
24.4948 35.2934
28.0844 36.3800
27.8197 36.0110
21.4647 38.0558
23.7577 35.5604
26.8377 37.7043
25.4590 36.3710
25.3454 36.4356
25.3724 36.4734
25.5180 36.8744
22.0566 38.4133
24.4853 37.1609
24.8120 35.0178
24.5482 38.8831
26.8377 37.7042
26.0909 35.2021
24.9266 37.4569
25.4252 36.4363
27.3535 36.4485
24.7662 35.0724
26.8676 38.0865
27.2418 37.6420
27.5380 37.4663
27.8077 37.0800
27.3167 37.0302
28.4262 37.0159
27.5697 36.7017
28.9390 36.8273
28.0887 36.7015
24.1997 35.4070
22.9468 36.7180
20.6628 37.8766
20.5886 38.1768
22.3793 37.3703
23.7942 37.8524
26.2170 35.1147
26.0506 38.3868
